,EPOCH,Open,High,Low,Close,Volume,Timestamp,Date,Year,Month,Day,Hour,Minute,Second,WeekDay,YearDay
0,1572566400000,182.25,182.25,181.21,182.03,87164.76242583577,2019-11-01 00:00:00+00:00,2019-11-01,2019,11,1,0,0,0,4,305
1,1572570000000,182.02,182.52,181.51,181.52,47449.19079183392,2019-11-01 01:00:00+00:00,2019-11-01,2019,11,1,1,0,0,4,305
2,1572573600000,181.51,182.1,181.33,182.01,70254.70632164952,2019-11-01 02:00:00+00:00,2019-11-01,2019,11,1,2,0,0,4,305
3,1572577200000,182.0,182.0,180.12,180.13,174788.52239524515,2019-11-01 03:00:00+00:00,2019-11-01,2019,11,1,3,0,0,4,305
4,1572580800000,180.17,181.0,180.0,180.71,161529.01527998838,2019-11-01 04:00:00+00:00,2019-11-01,2019,11,1,4,0,0,4,305
5,1572584400000,180.84,181.14,180.53,180.94,109866.6085615504,2019-11-01 05:00:00+00:00,2019-11-01,2019,11,1,5,0,0,4,305
6,1572588000000,180.94,181.53,180.75,181.13,56631.13142560287,2019-11-01 06:00:00+00:00,2019-11-01,2019,11,1,6,0,0,4,305
7,1572591600000,181.2,181.25,180.29,180.4,142200.84203330023,2019-11-01 07:00:00+00:00,2019-11-01,2019,11,1,7,0,0,4,305
8,1572595200000,180.41,182.61,180.37,182.03,171394.27291735462,2019-11-01 08:00:00+00:00,2019-11-01,2019,11,1,8,0,0,4,305
9,1572598800000,181.96,182.02,180.36,180.68,123229.7999165691,2019-11-01 09:00:00+00:00,2019-11-01,2019,11,1,9,0,0,4,305
10,1572602400000,180.85,182.34,180.59,181.96,177134.9853529952,2019-11-01 10:00:00+00:00,2019-11-01,2019,11,1,10,0,0,4,305
11,1572606000000,182.0,182.74,181.51,181.51,180796.8655271791,2019-11-01 11:00:00+00:00,2019-11-01,2019,11,1,11,0,0,4,305
12,1572609600000,181.64,182.0,181.0,181.57,185149.7153714251,2019-11-01 12:00:00+00:00,2019-11-01,2019,11,1,12,0,0,4,305
13,1572613200000,181.7,182.18,179.6,180.53,302256.8471976102,2019-11-01 13:00:00+00:00,2019-11-01,2019,11,1,13,0,0,4,305
14,1572616800000,180.53,180.89,179.83,180.87,91443.32161321848,2019-11-01 14:00:00+00:00,2019-11-01,2019,11,1,14,0,0,4,305
15,1572620400000,180.87,181.42,179.28,179.28,235507.56487063275,2019-11-01 15:00:00+00:00,2019-11-01,2019,11,1,15,0,0,4,305
16,1572624000000,179.39,180.64,177.5,180.35,346108.3986931911,2019-11-01 16:00:00+00:00,2019-11-01,2019,11,1,16,0,0,4,305
17,1572627600000,180.24,180.55,179.82,180.37,71427.35437680785,2019-11-01 17:00:00+00:00,2019-11-01,2019,11,1,17,0,0,4,305
18,1572631200000,180.38,180.81,180.14,180.57,68494.29085846177,2019-11-01 18:00:00+00:00,2019-11-01,2019,11,1,18,0,0,4,305
19,1572634800000,180.58,181.25,180.58,181.25,48159.70446878914,2019-11-01 19:00:00+00:00,2019-11-01,2019,11,1,19,0,0,4,305
20,1572638400000,181.21,184.3,181.21,183.94,508053.9492319579,2019-11-01 20:00:00+00:00,2019-11-01,2019,11,1,20,0,0,4,305
21,1572642000000,184.0,184.41,182.7,183.5,136887.8006265724,2019-11-01 21:00:00+00:00,2019-11-01,2019,11,1,21,0,0,4,305
22,1572645600000,183.68,184.04,182.47,182.72,81259.9671095352,2019-11-01 22:00:00+00:00,2019-11-01,2019,11,1,22,0,0,4,305
23,1572649200000,182.92,183.14,182.32,182.83,67790.50993925896,2019-11-01 23:00:00+00:00,2019-11-01,2019,11,1,23,0,0,4,305
24,1572652800000,182.83,183.5,182.78,183.09,131892.20972288022,2019-11-02 00:00:00+00:00,2019-11-02,2019,11,2,0,0,0,5,306
25,1572656400000,183.06,183.35,182.12,182.39,139326.96034792083,2019-11-02 01:00:00+00:00,2019-11-02,2019,11,2,1,0,0,5,306
26,1572660000000,182.37,183.15,182.19,183.09,222484.00268296417,2019-11-02 02:00:00+00:00,2019-11-02,2019,11,2,2,0,0,5,306
27,1572663600000,183.16,183.22,182.72,182.8,240050.2027249728,2019-11-02 03:00:00+00:00,2019-11-02,2019,11,2,3,0,0,5,306
28,1572667200000,182.8,183.06,182.14,182.3,71130.49087959722,2019-11-02 04:00:00+00:00,2019-11-02,2019,11,2,4,0,0,5,306
29,1572670800000,182.3,182.59,181.88,182.39,63004.67785602424,2019-11-02 05:00:00+00:00,2019-11-02,2019,11,2,5,0,0,5,306
30,1572674400000,182.39,182.55,182.0,182.25,135205.30961712362,2019-11-02 06:00:00+00:00,2019-11-02,2019,11,2,6,0,0,5,306
31,1572678000000,182.09,182.56,182.02,182.44,115084.14035220907,2019-11-02 07:00:00+00:00,2019-11-02,2019,11,2,7,0,0,5,306
32,1572681600000,182.44,182.84,181.6,181.97,124811.32597954354,2019-11-02 08:00:00+00:00,2019-11-02,2019,11,2,8,0,0,5,306
33,1572685200000,181.83,182.46,181.8,181.83,60599.0860654051,2019-11-02 09:00:00+00:00,2019-11-02,2019,11,2,9,0,0,5,306
34,1572688800000,181.84,182.35,181.69,182.16,101082.85213500862,2019-11-02 10:00:00+00:00,2019-11-02,2019,11,2,10,0,0,5,306
35,1572692400000,182.21,183.06,182.16,182.66,194779.79945256485,2019-11-02 11:00:00+00:00,2019-11-02,2019,11,2,11,0,0,5,306
36,1572696000000,182.68,183.5,181.69,183.3,242327.66079753192,2019-11-02 12:00:00+00:00,2019-11-02,2019,11,2,12,0,0,5,306
37,1572699600000,183.39,184.13,183.09,184.1,273771.71034029126,2019-11-02 13:00:00+00:00,2019-11-02,2019,11,2,13,0,0,5,306
38,1572703200000,184.1,184.2,183.0,183.11,145285.26580562498,2019-11-02 14:00:00+00:00,2019-11-02,2019,11,2,14,0,0,5,306
39,1572706800000,183.11,183.93,182.57,183.93,165313.71409694114,2019-11-02 15:00:00+00:00,2019-11-02,2019,11,2,15,0,0,5,306
40,1572710400000,183.93,185.01,183.39,184.28,690035.1980386171,2019-11-02 16:00:00+00:00,2019-11-02,2019,11,2,16,0,0,5,306
41,1572714000000,184.28,184.89,183.67,183.67,57082.69787529359,2019-11-02 17:00:00+00:00,2019-11-02,2019,11,2,17,0,0,5,306
42,1572717600000,183.86,184.17,183.64,183.71,108093.03135882138,2019-11-02 18:00:00+00:00,2019-11-02,2019,11,2,18,0,0,5,306
43,1572721200000,183.57,183.95,183.28,183.72,46724.03267423445,2019-11-02 19:00:00+00:00,2019-11-02,2019,11,2,19,0,0,5,306
44,1572724800000,183.9,183.9,181.88,182.8,161847.70484383838,2019-11-02 20:00:00+00:00,2019-11-02,2019,11,2,20,0,0,5,306
45,1572728400000,182.86,182.86,182.12,182.5,6996.514216452539,2019-11-02 21:00:00+00:00,2019-11-02,2019,11,2,21,0,0,5,306
46,1572732000000,182.45,182.98,182.42,182.73,53039.1474223058,2019-11-02 22:00:00+00:00,2019-11-02,2019,11,2,22,0,0,5,306
47,1572735600000,182.75,183.05,182.48,182.93,33278.21963467525,2019-11-02 23:00:00+00:00,2019-11-02,2019,11,2,23,0,0,5,306
48,1572739200000,183.03,183.55,182.89,183.22,68358.17178742812,2019-11-03 00:00:00+00:00,2019-11-03,2019,11,3,0,0,0,6,307
49,1572742800000,183.16,183.4,182.85,183.4,150517.51905974592,2019-11-03 01:00:00+00:00,2019-11-03,2019,11,3,1,0,0,6,307
50,1572746400000,183.4,184.66,183.4,183.88,341452.55200247886,2019-11-03 02:00:00+00:00,2019-11-03,2019,11,3,2,0,0,6,307
51,1572750000000,183.88,184.17,183.41,183.94,138986.30458781755,2019-11-03 03:00:00+00:00,2019-11-03,2019,11,3,3,0,0,6,307
52,1572753600000,183.93,183.94,183.17,183.45,79850.29551940983,2019-11-03 04:00:00+00:00,2019-11-03,2019,11,3,4,0,0,6,307
53,1572757200000,183.53,183.66,182.88,183.29,117713.26606341827,2019-11-03 05:00:00+00:00,2019-11-03,2019,11,3,5,0,0,6,307
54,1572760800000,183.35,183.65,182.88,182.88,62642.299166127275,2019-11-03 06:00:00+00:00,2019-11-03,2019,11,3,6,0,0,6,307
55,1572764400000,182.97,183.45,182.59,182.83,80480.787379152,2019-11-03 07:00:00+00:00,2019-11-03,2019,11,3,7,0,0,6,307
56,1572768000000,182.83,182.84,182.16,182.52,267563.457266692,2019-11-03 08:00:00+00:00,2019-11-03,2019,11,3,8,0,0,6,307
57,1572771600000,182.39,183.02,182.2,182.39,84760.62942350954,2019-11-03 09:00:00+00:00,2019-11-03,2019,11,3,9,0,0,6,307
58,1572775200000,182.51,182.51,180.9,181.69,375182.46206203575,2019-11-03 10:00:00+00:00,2019-11-03,2019,11,3,10,0,0,6,307
59,1572778800000,181.69,181.94,181.18,181.52,118515.88252109571,2019-11-03 11:00:00+00:00,2019-11-03,2019,11,3,11,0,0,6,307
60,1572782400000,181.64,181.85,180.7,181.63,150970.89418688507,2019-11-03 12:00:00+00:00,2019-11-03,2019,11,3,12,0,0,6,307
61,1572786000000,181.63,181.63,180.58,181.06,95324.77509032273,2019-11-03 13:00:00+00:00,2019-11-03,2019,11,3,13,0,0,6,307
62,1572789600000,181.06,181.44,180.23,180.52,263816.2236076543,2019-11-03 14:00:00+00:00,2019-11-03,2019,11,3,14,0,0,6,307
63,1572793200000,180.54,181.28,180.5,181.24,62692.594985709504,2019-11-03 15:00:00+00:00,2019-11-03,2019,11,3,15,0,0,6,307
64,1572796800000,181.33,181.57,180.89,181.09,101172.57452637656,2019-11-03 16:00:00+00:00,2019-11-03,2019,11,3,16,0,0,6,307
65,1572800400000,181.05,181.05,179.1,179.86,373678.94189149985,2019-11-03 17:00:00+00:00,2019-11-03,2019,11,3,17,0,0,6,307
66,1572804000000,179.98,180.43,179.49,180.43,81592.07102270695,2019-11-03 18:00:00+00:00,2019-11-03,2019,11,3,18,0,0,6,307
67,1572807600000,180.5,180.97,180.16,180.5,38789.9489425958,2019-11-03 19:00:00+00:00,2019-11-03,2019,11,3,19,0,0,6,307
68,1572811200000,180.53,180.86,180.36,180.65,27859.48486528849,2019-11-03 20:00:00+00:00,2019-11-03,2019,11,3,20,0,0,6,307
69,1572814800000,180.52,180.79,179.63,180.79,66106.0478391975,2019-11-03 21:00:00+00:00,2019-11-03,2019,11,3,21,0,0,6,307
70,1572818400000,180.77,182.57,180.77,182.18,105403.67963226269,2019-11-03 22:00:00+00:00,2019-11-03,2019,11,3,22,0,0,6,307
71,1572822000000,182.19,182.42,181.44,181.64,95021.00209840032,2019-11-03 23:00:00+00:00,2019-11-03,2019,11,3,23,0,0,6,307
72,1572825600000,181.63,181.89,180.78,181.2,72719.61873143142,2019-11-04 00:00:00+00:00,2019-11-04,2019,11,4,0,0,0,0,308
73,1572829200000,181.26,181.31,180.62,181.28,67683.54615875386,2019-11-04 01:00:00+00:00,2019-11-04,2019,11,4,1,0,0,0,308
74,1572832800000,181.36,181.68,181.0,181.07,99119.33211741752,2019-11-04 02:00:00+00:00,2019-11-04,2019,11,4,2,0,0,0,308
75,1572836400000,181.08,181.55,180.99,181.21,130255.51531106923,2019-11-04 03:00:00+00:00,2019-11-04,2019,11,4,3,0,0,0,308
76,1572840000000,181.2,181.22,180.42,180.56,74956.95881868842,2019-11-04 04:00:00+00:00,2019-11-04,2019,11,4,4,0,0,0,308
77,1572843600000,180.56,180.74,180.33,180.44,82212.73788738679,2019-11-04 05:00:00+00:00,2019-11-04,2019,11,4,5,0,0,0,308
78,1572847200000,180.47,181.42,180.37,181.2,189137.0703015346,2019-11-04 06:00:00+00:00,2019-11-04,2019,11,4,6,0,0,0,308
79,1572850800000,181.21,182.0,181.21,181.53,81567.94249877332,2019-11-04 07:00:00+00:00,2019-11-04,2019,11,4,7,0,0,0,308
80,1572854400000,181.47,181.84,181.1,181.16,83262.63597019501,2019-11-04 08:00:00+00:00,2019-11-04,2019,11,4,8,0,0,0,308
81,1572858000000,181.29,182.0,181.25,181.89,83788.93075254346,2019-11-04 09:00:00+00:00,2019-11-04,2019,11,4,9,0,0,0,308
82,1572861600000,181.89,183.17,181.89,182.61,361344.1487915432,2019-11-04 10:00:00+00:00,2019-11-04,2019,11,4,10,0,0,0,308
83,1572865200000,182.66,184.88,182.66,184.77,721618.7501164727,2019-11-04 11:00:00+00:00,2019-11-04,2019,11,4,11,0,0,0,308
84,1572868800000,184.77,184.93,184.0,184.74,989310.5922799724,2019-11-04 12:00:00+00:00,2019-11-04,2019,11,4,12,0,0,0,308
85,1572872400000,184.74,186.73,184.63,184.99,861908.2909061705,2019-11-04 13:00:00+00:00,2019-11-04,2019,11,4,13,0,0,0,308
86,1572876000000,185.01,186.78,184.99,186.08,626567.8192070252,2019-11-04 14:00:00+00:00,2019-11-04,2019,11,4,14,0,0,0,308
87,1572879600000,186.08,186.68,185.79,186.39,601310.2494052676,2019-11-04 15:00:00+00:00,2019-11-04,2019,11,4,15,0,0,0,308
88,1572883200000,186.36,187.9,185.68,186.78,268841.443460101,2019-11-04 16:00:00+00:00,2019-11-04,2019,11,4,16,0,0,0,308
89,1572886800000,186.79,187.22,186.55,186.77,133296.11480869097,2019-11-04 17:00:00+00:00,2019-11-04,2019,11,4,17,0,0,0,308
90,1572890400000,186.75,186.99,185.9,186.05,70054.80553335037,2019-11-04 18:00:00+00:00,2019-11-04,2019,11,4,18,0,0,0,308
91,1572894000000,186.07,186.4,185.89,186.0,48335.8694613967,2019-11-04 19:00:00+00:00,2019-11-04,2019,11,4,19,0,0,0,308
92,1572897600000,186.0,188.25,186.0,186.7,329863.1207608763,2019-11-04 20:00:00+00:00,2019-11-04,2019,11,4,20,0,0,0,308
93,1572901200000,186.79,186.98,185.62,185.72,51819.644552916114,2019-11-04 21:00:00+00:00,2019-11-04,2019,11,4,21,0,0,0,308
94,1572904800000,185.83,186.0,184.83,185.04,134829.21717859927,2019-11-04 22:00:00+00:00,2019-11-04,2019,11,4,22,0,0,0,308
95,1572908400000,185.02,185.88,185.02,185.63,91070.34178953466,2019-11-04 23:00:00+00:00,2019-11-04,2019,11,4,23,0,0,0,308
96,1572912000000,185.8,185.8,185.0,185.13,56756.69868009683,2019-11-05 00:00:00+00:00,2019-11-05,2019,11,5,0,0,0,1,309
97,1572915600000,185.13,187.08,185.13,186.33,262460.5154490973,2019-11-05 01:00:00+00:00,2019-11-05,2019,11,5,1,0,0,1,309
98,1572919200000,186.49,186.88,185.78,186.11,126363.91583986966,2019-11-05 02:00:00+00:00,2019-11-05,2019,11,5,2,0,0,1,309
99,1572922800000,186.35,186.35,184.87,185.68,180007.47906749882,2019-11-05 03:00:00+00:00,2019-11-05,2019,11,5,3,0,0,1,309
100,1572926400000,185.77,185.85,185.07,185.71,124906.01905294118,2019-11-05 04:00:00+00:00,2019-11-05,2019,11,5,4,0,0,1,309
101,1572930000000,185.71,186.42,185.4,185.7,96891.36425330272,2019-11-05 05:00:00+00:00,2019-11-05,2019,11,5,5,0,0,1,309
102,1572933600000,185.64,185.64,184.0,184.0,399430.35156443925,2019-11-05 06:00:00+00:00,2019-11-05,2019,11,5,6,0,0,1,309
103,1572937200000,184.0,184.09,182.4,183.71,406664.88424797717,2019-11-05 07:00:00+00:00,2019-11-05,2019,11,5,7,0,0,1,309
104,1572940800000,183.79,184.09,183.36,183.77,339964.2490797178,2019-11-05 08:00:00+00:00,2019-11-05,2019,11,5,8,0,0,1,309
105,1572944400000,183.74,186.22,183.7,185.61,630456.2323590061,2019-11-05 09:00:00+00:00,2019-11-05,2019,11,5,9,0,0,1,309
106,1572948000000,185.61,186.0,185.0,185.5,152090.20179415384,2019-11-05 10:00:00+00:00,2019-11-05,2019,11,5,10,0,0,1,309
107,1572951600000,185.5,186.0,185.39,185.99,66114.07528899098,2019-11-05 11:00:00+00:00,2019-11-05,2019,11,5,11,0,0,1,309
108,1572955200000,186.0,187.87,185.88,187.14,386741.3216773538,2019-11-05 12:00:00+00:00,2019-11-05,2019,11,5,12,0,0,1,309
109,1572958800000,187.02,187.5,186.1,186.66,507065.6660397611,2019-11-05 13:00:00+00:00,2019-11-05,2019,11,5,13,0,0,1,309
110,1572962400000,186.6,190.93,186.56,189.37,1399619.5839918847,2019-11-05 14:00:00+00:00,2019-11-05,2019,11,5,14,0,0,1,309
111,1572966000000,189.49,190.5,189.0,190.23,506959.5828680104,2019-11-05 15:00:00+00:00,2019-11-05,2019,11,5,15,0,0,1,309
112,1572969600000,190.31,192.04,188.84,189.85,758535.7523627406,2019-11-05 16:00:00+00:00,2019-11-05,2019,11,5,16,0,0,1,309
113,1572973200000,189.85,191.0,189.68,189.94,189143.8369074594,2019-11-05 17:00:00+00:00,2019-11-05,2019,11,5,17,0,0,1,309
114,1572976800000,189.94,190.5,189.5,189.51,75151.93985415105,2019-11-05 18:00:00+00:00,2019-11-05,2019,11,5,18,0,0,1,309
115,1572980400000,189.47,189.95,188.93,189.51,177046.71785567232,2019-11-05 19:00:00+00:00,2019-11-05,2019,11,5,19,0,0,1,309
116,1572984000000,189.95,190.35,189.23,189.78,97201.62033051268,2019-11-05 20:00:00+00:00,2019-11-05,2019,11,5,20,0,0,1,309
117,1572987600000,189.83,190.43,189.65,189.71,43298.5660837918,2019-11-05 21:00:00+00:00,2019-11-05,2019,11,5,21,0,0,1,309
118,1572991200000,189.85,189.85,188.54,188.57,146303.07660345896,2019-11-05 22:00:00+00:00,2019-11-05,2019,11,5,22,0,0,1,309
119,1572994800000,188.67,189.53,188.37,188.64,177428.77208804307,2019-11-05 23:00:00+00:00,2019-11-05,2019,11,5,23,0,0,1,309
120,1572998400000,188.63,189.0,187.74,188.11,165008.78843526723,2019-11-06 00:00:00+00:00,2019-11-06,2019,11,6,0,0,0,2,310
121,1573002000000,188.11,189.22,187.83,189.0,155805.5422013516,2019-11-06 01:00:00+00:00,2019-11-06,2019,11,6,1,0,0,2,310
122,1573005600000,188.93,190.63,188.93,189.59,241836.33393868088,2019-11-06 02:00:00+00:00,2019-11-06,2019,11,6,2,0,0,2,310
123,1573009200000,189.53,190.12,189.21,189.82,263635.5766788202,2019-11-06 03:00:00+00:00,2019-11-06,2019,11,6,3,0,0,2,310
124,1573012800000,189.82,191.49,189.8,191.49,673022.5654911137,2019-11-06 04:00:00+00:00,2019-11-06,2019,11,6,4,0,0,2,310
125,1573016400000,191.49,193.5,190.39,192.57,1007336.3204079696,2019-11-06 05:00:00+00:00,2019-11-06,2019,11,6,5,0,0,2,310
126,1573020000000,192.4,193.57,192.19,193.38,452894.545744804,2019-11-06 06:00:00+00:00,2019-11-06,2019,11,6,6,0,0,2,310
127,1573023600000,193.33,194.28,192.25,192.67,580059.2803214747,2019-11-06 07:00:00+00:00,2019-11-06,2019,11,6,7,0,0,2,310
128,1573027200000,192.5,193.0,192.27,192.95,230717.01564768192,2019-11-06 08:00:00+00:00,2019-11-06,2019,11,6,8,0,0,2,310
129,1573030800000,192.91,192.98,190.78,190.92,468162.84618555574,2019-11-06 09:00:00+00:00,2019-11-06,2019,11,6,9,0,0,2,310
130,1573034400000,190.89,191.12,190.0,190.37,521933.3964688648,2019-11-06 10:00:00+00:00,2019-11-06,2019,11,6,10,0,0,2,310
131,1573038000000,190.4,191.24,189.98,190.91,231853.7919554818,2019-11-06 11:00:00+00:00,2019-11-06,2019,11,6,11,0,0,2,310
132,1573041600000,190.94,191.42,189.84,190.49,202628.26323595722,2019-11-06 12:00:00+00:00,2019-11-06,2019,11,6,12,0,0,2,310
133,1573045200000,190.48,190.51,189.28,189.28,233434.16396272485,2019-11-06 13:00:00+00:00,2019-11-06,2019,11,6,13,0,0,2,310
134,1573048800000,189.31,190.47,189.0,189.74,310087.7809428053,2019-11-06 14:00:00+00:00,2019-11-06,2019,11,6,14,0,0,2,310
135,1573052400000,189.74,190.92,189.73,190.61,152007.4672399873,2019-11-06 15:00:00+00:00,2019-11-06,2019,11,6,15,0,0,2,310
136,1573056000000,190.81,190.81,189.15,189.57,109532.03056593143,2019-11-06 16:00:00+00:00,2019-11-06,2019,11,6,16,0,0,2,310
137,1573059600000,189.71,190.0,188.9,190.0,151014.50271775736,2019-11-06 17:00:00+00:00,2019-11-06,2019,11,6,17,0,0,2,310
138,1573063200000,190.01,190.03,189.26,189.64,139112.60280441845,2019-11-06 18:00:00+00:00,2019-11-06,2019,11,6,18,0,0,2,310
139,1573066800000,189.69,190.1,189.54,189.54,83287.05794462569,2019-11-06 19:00:00+00:00,2019-11-06,2019,11,6,19,0,0,2,310
140,1573070400000,189.6,189.6,188.41,188.8,465877.0541494684,2019-11-06 20:00:00+00:00,2019-11-06,2019,11,6,20,0,0,2,310
141,1573074000000,188.83,190.48,188.67,190.3,67897.82672110072,2019-11-06 21:00:00+00:00,2019-11-06,2019,11,6,21,0,0,2,310
142,1573077600000,190.45,191.34,190.05,191.01,82951.59436838374,2019-11-06 22:00:00+00:00,2019-11-06,2019,11,6,22,0,0,2,310
143,1573081200000,191.04,192.04,191.01,191.18,225757.10748481794,2019-11-06 23:00:00+00:00,2019-11-06,2019,11,6,23,0,0,2,310
144,1573084800000,191.16,191.75,190.71,191.14,117533.92203021092,2019-11-07 00:00:00+00:00,2019-11-07,2019,11,7,0,0,0,3,311
145,1573088400000,191.23,192.28,189.25,189.84,275311.6496928702,2019-11-07 01:00:00+00:00,2019-11-07,2019,11,7,1,0,0,3,311
146,1573092000000,189.82,189.85,188.42,189.47,432370.5134247819,2019-11-07 02:00:00+00:00,2019-11-07,2019,11,7,2,0,0,3,311
147,1573095600000,189.55,189.79,188.85,189.33,160711.4092945747,2019-11-07 03:00:00+00:00,2019-11-07,2019,11,7,3,0,0,3,311
148,1573099200000,189.37,189.76,189.0,189.11,235386.49579232003,2019-11-07 04:00:00+00:00,2019-11-07,2019,11,7,4,0,0,3,311
149,1573102800000,189.17,189.72,187.41,189.71,709711.1620268538,2019-11-07 05:00:00+00:00,2019-11-07,2019,11,7,5,0,0,3,311
150,1573106400000,189.71,190.0,189.06,189.14,139003.77568914197,2019-11-07 06:00:00+00:00,2019-11-07,2019,11,7,6,0,0,3,311
151,1573110000000,189.16,189.7,188.5,188.92,188208.12429186018,2019-11-07 07:00:00+00:00,2019-11-07,2019,11,7,7,0,0,3,311
152,1573113600000,188.92,189.07,188.11,188.11,460286.61413671245,2019-11-07 08:00:00+00:00,2019-11-07,2019,11,7,8,0,0,3,311
153,1573117200000,188.09,188.37,186.58,187.0,628563.0243804988,2019-11-07 09:00:00+00:00,2019-11-07,2019,11,7,9,0,0,3,311
154,1573120800000,187.0,187.12,185.21,187.0,736876.5058784541,2019-11-07 10:00:00+00:00,2019-11-07,2019,11,7,10,0,0,3,311
155,1573124400000,187.07,187.35,186.42,186.75,197935.17255285074,2019-11-07 11:00:00+00:00,2019-11-07,2019,11,7,11,0,0,3,311
156,1573128000000,186.76,186.93,185.89,186.61,183956.76899916367,2019-11-07 12:00:00+00:00,2019-11-07,2019,11,7,12,0,0,3,311
157,1573131600000,186.5,187.4,186.07,186.99,198049.77308811623,2019-11-07 13:00:00+00:00,2019-11-07,2019,11,7,13,0,0,3,311
158,1573135200000,186.99,187.14,186.48,187.0,228050.9930985083,2019-11-07 14:00:00+00:00,2019-11-07,2019,11,7,14,0,0,3,311
159,1573138800000,186.95,186.96,185.6,185.79,603035.9097534468,2019-11-07 15:00:00+00:00,2019-11-07,2019,11,7,15,0,0,3,311
160,1573142400000,185.78,187.08,185.1,186.6,276046.04573147505,2019-11-07 16:00:00+00:00,2019-11-07,2019,11,7,16,0,0,3,311
161,1573146000000,186.54,186.68,185.6,185.78,57778.35082701164,2019-11-07 17:00:00+00:00,2019-11-07,2019,11,7,17,0,0,3,311
162,1573149600000,185.74,186.26,185.25,186.26,120740.51578085941,2019-11-07 18:00:00+00:00,2019-11-07,2019,11,7,18,0,0,3,311
163,1573153200000,186.16,186.71,185.89,186.06,16514.7210650123,2019-11-07 19:00:00+00:00,2019-11-07,2019,11,7,19,0,0,3,311
164,1573156800000,186.16,186.27,185.84,186.05,26501.472799585437,2019-11-07 20:00:00+00:00,2019-11-07,2019,11,7,20,0,0,3,311
165,1573160400000,186.24,186.72,185.0,186.44,162630.47400151993,2019-11-07 21:00:00+00:00,2019-11-07,2019,11,7,21,0,0,3,311
166,1573164000000,186.67,187.7,186.67,187.41,84856.07644466223,2019-11-07 22:00:00+00:00,2019-11-07,2019,11,7,22,0,0,3,311
167,1573167600000,187.47,187.51,186.8,186.81,162150.1899072922,2019-11-07 23:00:00+00:00,2019-11-07,2019,11,7,23,0,0,3,311
168,1573171200000,186.83,187.26,186.3,187.22,75967.99727600385,2019-11-08 00:00:00+00:00,2019-11-08,2019,11,8,0,0,0,4,312
169,1573174800000,187.2,188.2,187.2,187.5,101107.19333470662,2019-11-08 01:00:00+00:00,2019-11-08,2019,11,8,1,0,0,4,312
170,1573178400000,187.5,188.16,186.79,187.73,98630.42153186408,2019-11-08 02:00:00+00:00,2019-11-08,2019,11,8,2,0,0,4,312
171,1573182000000,187.81,188.0,187.18,187.83,277429.777551456,2019-11-08 03:00:00+00:00,2019-11-08,2019,11,8,3,0,0,4,312
172,1573185600000,187.9,188.23,186.74,186.95,249700.98914174366,2019-11-08 04:00:00+00:00,2019-11-08,2019,11,8,4,0,0,4,312
173,1573189200000,187.0,187.14,186.05,186.28,203958.46795400846,2019-11-08 05:00:00+00:00,2019-11-08,2019,11,8,5,0,0,4,312
174,1573192800000,186.28,186.39,185.63,185.85,267215.8951020533,2019-11-08 06:00:00+00:00,2019-11-08,2019,11,8,6,0,0,4,312
175,1573196400000,185.84,186.2,184.5,185.0,614532.53465217,2019-11-08 07:00:00+00:00,2019-11-08,2019,11,8,7,0,0,4,312
176,1573200000000,185.0,185.0,183.5,184.01,525059.7001961402,2019-11-08 08:00:00+00:00,2019-11-08,2019,11,8,8,0,0,4,312
177,1573203600000,184.0,184.96,183.3,184.85,463894.9463246558,2019-11-08 09:00:00+00:00,2019-11-08,2019,11,8,9,0,0,4,312
178,1573207200000,184.96,185.12,184.05,184.37,211127.18179129375,2019-11-08 10:00:00+00:00,2019-11-08,2019,11,8,10,0,0,4,312
179,1573210800000,184.48,184.95,184.18,184.18,132089.27615494182,2019-11-08 11:00:00+00:00,2019-11-08,2019,11,8,11,0,0,4,312
180,1573214400000,184.25,184.31,183.46,183.78,130720.29621732539,2019-11-08 12:00:00+00:00,2019-11-08,2019,11,8,12,0,0,4,312
181,1573218000000,183.84,183.84,181.65,182.87,894674.0885565489,2019-11-08 13:00:00+00:00,2019-11-08,2019,11,8,13,0,0,4,312
182,1573221600000,182.85,183.54,181.5,183.17,396825.78186549206,2019-11-08 14:00:00+00:00,2019-11-08,2019,11,8,14,0,0,4,312
183,1573225200000,183.21,183.52,182.1,183.4,207327.51523004574,2019-11-08 15:00:00+00:00,2019-11-08,2019,11,8,15,0,0,4,312
184,1573228800000,183.53,184.14,182.7,183.28,218631.35173973866,2019-11-08 16:00:00+00:00,2019-11-08,2019,11,8,16,0,0,4,312
185,1573232400000,183.4,183.96,183.01,183.3,103069.5997157266,2019-11-08 17:00:00+00:00,2019-11-08,2019,11,8,17,0,0,4,312
186,1573236000000,183.31,184.48,183.19,184.04,132155.3327115023,2019-11-08 18:00:00+00:00,2019-11-08,2019,11,8,18,0,0,4,312
187,1573239600000,184.04,184.56,183.98,183.98,22527.5760016015,2019-11-08 19:00:00+00:00,2019-11-08,2019,11,8,19,0,0,4,312
188,1573243200000,184.12,184.76,183.87,184.15,137871.06384384405,2019-11-08 20:00:00+00:00,2019-11-08,2019,11,8,20,0,0,4,312
189,1573246800000,184.34,186.0,184.29,185.7,164932.3291469228,2019-11-08 21:00:00+00:00,2019-11-08,2019,11,8,21,0,0,4,312
190,1573250400000,185.7,185.76,184.44,184.63,72800.86197102653,2019-11-08 22:00:00+00:00,2019-11-08,2019,11,8,22,0,0,4,312
191,1573254000000,184.51,185.18,183.46,183.83,93196.33757271865,2019-11-08 23:00:00+00:00,2019-11-08,2019,11,8,23,0,0,4,312
192,1573257600000,183.83,184.85,183.24,184.53,250499.2415802746,2019-11-09 00:00:00+00:00,2019-11-09,2019,11,9,0,0,0,5,313
193,1573261200000,184.33,184.85,184.0,184.75,158158.21010432238,2019-11-09 01:00:00+00:00,2019-11-09,2019,11,9,1,0,0,5,313
194,1573264800000,184.68,185.13,184.26,184.75,168544.5099669982,2019-11-09 02:00:00+00:00,2019-11-09,2019,11,9,2,0,0,5,313
195,1573268400000,184.75,184.99,184.05,184.5,159602.4978704101,2019-11-09 03:00:00+00:00,2019-11-09,2019,11,9,3,0,0,5,313
196,1573272000000,184.5,184.5,183.96,184.22,143254.7395287727,2019-11-09 04:00:00+00:00,2019-11-09,2019,11,9,4,0,0,5,313
197,1573275600000,184.37,184.96,184.12,184.78,172131.0729964598,2019-11-09 05:00:00+00:00,2019-11-09,2019,11,9,5,0,0,5,313
198,1573279200000,185.0,185.7,184.89,185.45,149343.7031575699,2019-11-09 06:00:00+00:00,2019-11-09,2019,11,9,6,0,0,5,313
199,1573282800000,185.55,185.7,184.71,184.92,114786.7849285516,2019-11-09 07:00:00+00:00,2019-11-09,2019,11,9,7,0,0,5,313
200,1573286400000,184.92,185.37,184.64,184.72,348803.5214520932,2019-11-09 08:00:00+00:00,2019-11-09,2019,11,9,8,0,0,5,313
201,1573290000000,184.72,185.64,184.72,185.2,79407.57289698915,2019-11-09 09:00:00+00:00,2019-11-09,2019,11,9,9,0,0,5,313
202,1573293600000,185.25,185.73,185.08,185.5,173039.6582868012,2019-11-09 10:00:00+00:00,2019-11-09,2019,11,9,10,0,0,5,313
203,1573297200000,185.5,185.67,183.91,184.18,163763.42498116105,2019-11-09 11:00:00+00:00,2019-11-09,2019,11,9,11,0,0,5,313
204,1573300800000,184.3,185.07,184.3,184.71,77106.30760336932,2019-11-09 12:00:00+00:00,2019-11-09,2019,11,9,12,0,0,5,313
205,1573304400000,184.9,184.98,184.24,184.92,142107.4508740262,2019-11-09 13:00:00+00:00,2019-11-09,2019,11,9,13,0,0,5,313
206,1573308000000,184.87,185.0,183.76,183.76,128799.58492296313,2019-11-09 14:00:00+00:00,2019-11-09,2019,11,9,14,0,0,5,313
207,1573311600000,183.76,184.08,182.57,183.5,221219.3638122249,2019-11-09 15:00:00+00:00,2019-11-09,2019,11,9,15,0,0,5,313
208,1573315200000,183.55,184.1,183.0,183.73,78335.7242260306,2019-11-09 16:00:00+00:00,2019-11-09,2019,11,9,16,0,0,5,313
209,1573318800000,183.68,184.31,183.52,184.28,112573.49215232846,2019-11-09 17:00:00+00:00,2019-11-09,2019,11,9,17,0,0,5,313
210,1573322400000,184.22,184.5,183.95,184.13,37686.820517528475,2019-11-09 18:00:00+00:00,2019-11-09,2019,11,9,18,0,0,5,313
211,1573326000000,184.09,184.24,183.87,183.88,1977.194442114024,2019-11-09 19:00:00+00:00,2019-11-09,2019,11,9,19,0,0,5,313
212,1573329600000,183.88,184.73,183.73,184.33,33759.65636468406,2019-11-09 20:00:00+00:00,2019-11-09,2019,11,9,20,0,0,5,313
213,1573333200000,184.38,184.93,184.32,184.93,22397.56041503287,2019-11-09 21:00:00+00:00,2019-11-09,2019,11,9,21,0,0,5,313
214,1573336800000,184.93,185.41,184.8,185.25,140307.15283117836,2019-11-09 22:00:00+00:00,2019-11-09,2019,11,9,22,0,0,5,313
215,1573340400000,185.3,185.39,184.78,184.97,78678.02288419152,2019-11-09 23:00:00+00:00,2019-11-09,2019,11,9,23,0,0,5,313
216,1573344000000,184.97,185.0,184.34,184.36,48895.5848519778,2019-11-10 00:00:00+00:00,2019-11-10,2019,11,10,0,0,0,6,314
217,1573347600000,184.52,184.59,184.25,184.47,48433.38111265008,2019-11-10 01:00:00+00:00,2019-11-10,2019,11,10,1,0,0,6,314
218,1573351200000,184.36,184.45,183.53,183.85,105218.86481366961,2019-11-10 02:00:00+00:00,2019-11-10,2019,11,10,2,0,0,6,314
219,1573354800000,183.97,184.0,183.43,183.94,55484.53771917838,2019-11-10 03:00:00+00:00,2019-11-10,2019,11,10,3,0,0,6,314
220,1573358400000,183.98,184.81,183.76,184.47,54465.2203800024,2019-11-10 04:00:00+00:00,2019-11-10,2019,11,10,4,0,0,6,314
221,1573362000000,184.56,188.42,184.38,188.0,894876.2413883338,2019-11-10 05:00:00+00:00,2019-11-10,2019,11,10,5,0,0,6,314
222,1573365600000,188.0,188.88,186.88,187.38,415326.12528109294,2019-11-10 06:00:00+00:00,2019-11-10,2019,11,10,6,0,0,6,314
223,1573369200000,187.49,187.8,186.87,187.29,188037.5787502425,2019-11-10 07:00:00+00:00,2019-11-10,2019,11,10,7,0,0,6,314
224,1573372800000,187.3,187.86,186.59,186.71,119645.87213536915,2019-11-10 08:00:00+00:00,2019-11-10,2019,11,10,8,0,0,6,314
225,1573376400000,186.78,187.29,186.7,186.96,109261.29687591983,2019-11-10 09:00:00+00:00,2019-11-10,2019,11,10,9,0,0,6,314
226,1573380000000,186.96,187.28,186.77,187.19,237762.68425172573,2019-11-10 10:00:00+00:00,2019-11-10,2019,11,10,10,0,0,6,314
227,1573383600000,187.19,188.22,186.37,186.46,193246.03855900388,2019-11-10 11:00:00+00:00,2019-11-10,2019,11,10,11,0,0,6,314
228,1573387200000,186.6,187.42,186.6,187.06,110430.79248086108,2019-11-10 12:00:00+00:00,2019-11-10,2019,11,10,12,0,0,6,314
229,1573390800000,187.06,187.21,186.0,186.35,132253.5707088152,2019-11-10 13:00:00+00:00,2019-11-10,2019,11,10,13,0,0,6,314
230,1573394400000,186.35,186.83,185.69,186.62,83530.48633449008,2019-11-10 14:00:00+00:00,2019-11-10,2019,11,10,14,0,0,6,314
231,1573398000000,186.79,187.32,186.59,186.79,181447.53931981244,2019-11-10 15:00:00+00:00,2019-11-10,2019,11,10,15,0,0,6,314
232,1573401600000,186.78,191.42,184.57,190.1,1332323.8657901762,2019-11-10 16:00:00+00:00,2019-11-10,2019,11,10,16,0,0,6,314
233,1573405200000,190.1,190.28,189.58,189.71,270375.2529850049,2019-11-10 17:00:00+00:00,2019-11-10,2019,11,10,17,0,0,6,314
234,1573408800000,189.71,189.99,189.45,189.95,86434.89551115877,2019-11-10 18:00:00+00:00,2019-11-10,2019,11,10,18,0,0,6,314
235,1573412400000,189.99,189.99,189.28,189.81,71623.00116274055,2019-11-10 19:00:00+00:00,2019-11-10,2019,11,10,19,0,0,6,314
236,1573416000000,189.92,190.0,189.31,189.6,54328.5999812113,2019-11-10 20:00:00+00:00,2019-11-10,2019,11,10,20,0,0,6,314
237,1573419600000,189.56,189.82,189.33,189.55,59375.0671444388,2019-11-10 21:00:00+00:00,2019-11-10,2019,11,10,21,0,0,6,314
238,1573423200000,189.54,190.17,189.48,189.82,234330.82758560247,2019-11-10 22:00:00+00:00,2019-11-10,2019,11,10,22,0,0,6,314
239,1573426800000,189.78,189.84,188.89,188.95,86038.11190323987,2019-11-10 23:00:00+00:00,2019-11-10,2019,11,10,23,0,0,6,314
240,1573430400000,189.0,189.35,189.0,189.35,134563.59323488225,2019-11-11 00:00:00+00:00,2019-11-11,2019,11,11,0,0,0,0,315
241,1573434000000,189.33,189.97,189.16,189.97,121267.02486041251,2019-11-11 01:00:00+00:00,2019-11-11,2019,11,11,1,0,0,0,315
242,1573437600000,189.97,190.08,189.48,189.59,103021.35531597535,2019-11-11 02:00:00+00:00,2019-11-11,2019,11,11,2,0,0,0,315
243,1573441200000,189.6,189.63,188.93,188.99,153888.66771442955,2019-11-11 03:00:00+00:00,2019-11-11,2019,11,11,3,0,0,0,315
244,1573444800000,189.03,189.03,187.75,188.37,273027.06621901016,2019-11-11 04:00:00+00:00,2019-11-11,2019,11,11,4,0,0,0,315
245,1573448400000,188.37,188.79,187.5,188.25,284420.5575783533,2019-11-11 05:00:00+00:00,2019-11-11,2019,11,11,5,0,0,0,315
246,1573452000000,188.17,188.27,185.71,186.81,786046.4758642645,2019-11-11 06:00:00+00:00,2019-11-11,2019,11,11,6,0,0,0,315
247,1573455600000,186.75,187.08,185.8,187.08,267726.50404671533,2019-11-11 07:00:00+00:00,2019-11-11,2019,11,11,7,0,0,0,315
248,1573459200000,187.08,187.08,185.97,186.58,203683.04773513458,2019-11-11 08:00:00+00:00,2019-11-11,2019,11,11,8,0,0,0,315
249,1573462800000,186.57,186.6,185.03,185.96,402769.31617169565,2019-11-11 09:00:00+00:00,2019-11-11,2019,11,11,9,0,0,0,315
250,1573466400000,185.77,186.88,185.26,186.62,297303.90870323795,2019-11-11 10:00:00+00:00,2019-11-11,2019,11,11,10,0,0,0,315
251,1573470000000,186.63,186.73,185.82,186.5,197881.10137651535,2019-11-11 11:00:00+00:00,2019-11-11,2019,11,11,11,0,0,0,315
252,1573473600000,186.56,186.69,186.14,186.29,84732.76769504113,2019-11-11 12:00:00+00:00,2019-11-11,2019,11,11,12,0,0,0,315
253,1573477200000,186.31,186.7,185.89,186.53,77947.52521682411,2019-11-11 13:00:00+00:00,2019-11-11,2019,11,11,13,0,0,0,315
254,1573480800000,186.56,187.27,186.3,187.14,94822.46541309534,2019-11-11 14:00:00+00:00,2019-11-11,2019,11,11,14,0,0,0,315
255,1573484400000,187.24,187.24,185.5,185.66,146980.24751905134,2019-11-11 15:00:00+00:00,2019-11-11,2019,11,11,15,0,0,0,315
256,1573488000000,185.88,186.43,185.34,185.89,136509.50720015098,2019-11-11 16:00:00+00:00,2019-11-11,2019,11,11,16,0,0,0,315
257,1573491600000,185.89,186.09,185.5,185.61,66052.80037553674,2019-11-11 17:00:00+00:00,2019-11-11,2019,11,11,17,0,0,0,315
258,1573495200000,185.77,186.9,185.39,186.44,141219.15451853172,2019-11-11 18:00:00+00:00,2019-11-11,2019,11,11,18,0,0,0,315
259,1573498800000,186.44,186.56,185.97,186.56,39852.5080043749,2019-11-11 19:00:00+00:00,2019-11-11,2019,11,11,19,0,0,0,315
260,1573502400000,186.67,186.68,185.75,185.89,70560.81116081205,2019-11-11 20:00:00+00:00,2019-11-11,2019,11,11,20,0,0,0,315
261,1573506000000,185.93,186.32,185.74,186.18,26205.18229939059,2019-11-11 21:00:00+00:00,2019-11-11,2019,11,11,21,0,0,0,315
262,1573509600000,186.25,186.25,185.63,185.64,118942.48229421234,2019-11-11 22:00:00+00:00,2019-11-11,2019,11,11,22,0,0,0,315
263,1573513200000,185.65,185.74,184.18,184.9,319885.14591407764,2019-11-11 23:00:00+00:00,2019-11-11,2019,11,11,23,0,0,0,315
264,1573516800000,184.9,186.0,184.43,185.7,57733.316754140236,2019-11-12 00:00:00+00:00,2019-11-12,2019,11,12,0,0,0,1,316
265,1573520400000,185.76,185.91,185.38,185.52,80247.84613918905,2019-11-12 01:00:00+00:00,2019-11-12,2019,11,12,1,0,0,1,316
266,1573524000000,185.51,186.37,185.51,185.8,131528.62902787118,2019-11-12 02:00:00+00:00,2019-11-12,2019,11,12,2,0,0,1,316
267,1573527600000,185.72,185.82,184.94,185.46,115594.43410050246,2019-11-12 03:00:00+00:00,2019-11-12,2019,11,12,3,0,0,1,316
268,1573531200000,185.5,186.15,185.33,185.84,76517.96448419514,2019-11-12 04:00:00+00:00,2019-11-12,2019,11,12,4,0,0,1,316
269,1573534800000,185.84,186.4,185.71,186.04,105591.12534175294,2019-11-12 05:00:00+00:00,2019-11-12,2019,11,12,5,0,0,1,316
270,1573538400000,185.89,186.74,185.87,186.51,160450.0613625101,2019-11-12 06:00:00+00:00,2019-11-12,2019,11,12,6,0,0,1,316
271,1573542000000,186.59,186.94,186.0,186.09,210057.54317928606,2019-11-12 07:00:00+00:00,2019-11-12,2019,11,12,7,0,0,1,316
272,1573545600000,186.11,186.22,185.71,186.0,141035.69455532392,2019-11-12 08:00:00+00:00,2019-11-12,2019,11,12,8,0,0,1,316
273,1573549200000,186.0,186.34,185.09,185.8,227761.70565377234,2019-11-12 09:00:00+00:00,2019-11-12,2019,11,12,9,0,0,1,316
274,1573552800000,185.81,186.23,185.56,185.72,155373.81294002777,2019-11-12 10:00:00+00:00,2019-11-12,2019,11,12,10,0,0,1,316
275,1573556400000,185.71,185.9,185.2,185.83,171691.78436529668,2019-11-12 11:00:00+00:00,2019-11-12,2019,11,12,11,0,0,1,316
276,1573560000000,185.82,187.5,185.01,186.27,355816.6162618032,2019-11-12 12:00:00+00:00,2019-11-12,2019,11,12,12,0,0,1,316
277,1573563600000,186.28,186.38,183.67,184.28,231241.9379230411,2019-11-12 13:00:00+00:00,2019-11-12,2019,11,12,13,0,0,1,316
278,1573567200000,184.28,184.28,182.85,184.15,370346.7968537074,2019-11-12 14:00:00+00:00,2019-11-12,2019,11,12,14,0,0,1,316
279,1573570800000,184.24,185.0,182.55,184.78,338076.7775349153,2019-11-12 15:00:00+00:00,2019-11-12,2019,11,12,15,0,0,1,316
280,1573574400000,184.93,185.39,184.46,184.59,99350.518287081,2019-11-12 16:00:00+00:00,2019-11-12,2019,11,12,16,0,0,1,316
281,1573578000000,184.59,185.86,184.37,185.4,43937.04538301618,2019-11-12 17:00:00+00:00,2019-11-12,2019,11,12,17,0,0,1,316
282,1573581600000,185.41,185.85,185.4,185.64,6986.079757921526,2019-11-12 18:00:00+00:00,2019-11-12,2019,11,12,18,0,0,1,316
283,1573585200000,185.6,185.76,185.27,185.6,51210.8351887017,2019-11-12 19:00:00+00:00,2019-11-12,2019,11,12,19,0,0,1,316
284,1573588800000,185.64,187.14,185.58,186.61,93683.9848504641,2019-11-12 20:00:00+00:00,2019-11-12,2019,11,12,20,0,0,1,316
285,1573592400000,186.71,186.78,186.0,186.23,32188.834100628068,2019-11-12 21:00:00+00:00,2019-11-12,2019,11,12,21,0,0,1,316
286,1573596000000,186.27,186.66,185.78,186.46,40856.050407700975,2019-11-12 22:00:00+00:00,2019-11-12,2019,11,12,22,0,0,1,316
287,1573599600000,186.49,186.93,186.15,186.89,56830.70775294666,2019-11-12 23:00:00+00:00,2019-11-12,2019,11,12,23,0,0,1,316
288,1573603200000,186.99,187.12,185.82,186.08,83163.7477426503,2019-11-13 00:00:00+00:00,2019-11-13,2019,11,13,0,0,0,2,317
289,1573606800000,186.11,186.11,185.59,185.77,135019.92604023413,2019-11-13 01:00:00+00:00,2019-11-13,2019,11,13,1,0,0,2,317
290,1573610400000,185.75,185.9,185.52,185.63,65843.3415899758,2019-11-13 02:00:00+00:00,2019-11-13,2019,11,13,2,0,0,2,317
291,1573614000000,185.73,185.9,185.33,185.45,49154.65597010158,2019-11-13 03:00:00+00:00,2019-11-13,2019,11,13,3,0,0,2,317
292,1573617600000,185.49,185.56,185.09,185.44,111572.87874098115,2019-11-13 04:00:00+00:00,2019-11-13,2019,11,13,4,0,0,2,317
293,1573621200000,185.48,186.0,185.48,185.55,45228.48157021066,2019-11-13 05:00:00+00:00,2019-11-13,2019,11,13,5,0,0,2,317
294,1573624800000,185.59,185.99,185.34,185.95,84432.27097915011,2019-11-13 06:00:00+00:00,2019-11-13,2019,11,13,6,0,0,2,317
295,1573628400000,185.76,186.16,185.7,185.78,107380.50119012492,2019-11-13 07:00:00+00:00,2019-11-13,2019,11,13,7,0,0,2,317
296,1573632000000,185.7,186.8299999999,185.42,186.37,165741.12438941392,2019-11-13 08:00:00+00:00,2019-11-13,2019,11,13,8,0,0,2,317
297,1573635600000,186.46,187.0,186.18,186.88,117430.4205648703,2019-11-13 09:00:00+00:00,2019-11-13,2019,11,13,9,0,0,2,317
298,1573639200000,186.82,188.04,186.82,187.64,428714.832637968,2019-11-13 10:00:00+00:00,2019-11-13,2019,11,13,10,0,0,2,317
299,1573642800000,187.78,187.78,186.69,187.0,146555.40450986027,2019-11-13 11:00:00+00:00,2019-11-13,2019,11,13,11,0,0,2,317
300,1573646400000,187.0,187.25,186.36,186.81,287040.1629151832,2019-11-13 12:00:00+00:00,2019-11-13,2019,11,13,12,0,0,2,317
301,1573650000000,186.79,186.8,185.75,186.73,278087.76079106645,2019-11-13 13:00:00+00:00,2019-11-13,2019,11,13,13,0,0,2,317
302,1573653600000,186.9,187.17,186.4,186.68,144115.21109251643,2019-11-13 14:00:00+00:00,2019-11-13,2019,11,13,14,0,0,2,317
303,1573657200000,186.66,187.4,186.5,186.85,382106.4397399484,2019-11-13 15:00:00+00:00,2019-11-13,2019,11,13,15,0,0,2,317
304,1573660800000,186.95,187.57,186.78,187.51,121865.06522838176,2019-11-13 16:00:00+00:00,2019-11-13,2019,11,13,16,0,0,2,317
305,1573664400000,187.51,189.5,187.51,188.15,417860.55907277233,2019-11-13 17:00:00+00:00,2019-11-13,2019,11,13,17,0,0,2,317
306,1573668000000,188.17,188.57,187.42,187.42,63808.4152099266,2019-11-13 18:00:00+00:00,2019-11-13,2019,11,13,18,0,0,2,317
307,1573671600000,187.54,187.88,187.42,187.88,32060.97617398972,2019-11-13 19:00:00+00:00,2019-11-13,2019,11,13,19,0,0,2,317
308,1573675200000,187.88,188.28,187.34,187.38,46949.9644823853,2019-11-13 20:00:00+00:00,2019-11-13,2019,11,13,20,0,0,2,317
309,1573678800000,187.38,187.98,187.16,187.71,9673.89590806682,2019-11-13 21:00:00+00:00,2019-11-13,2019,11,13,21,0,0,2,317
310,1573682400000,187.85,187.89,187.43,187.48,10208.581676925265,2019-11-13 22:00:00+00:00,2019-11-13,2019,11,13,22,0,0,2,317
311,1573686000000,187.51,189.17,187.5,187.87,295949.93448410643,2019-11-13 23:00:00+00:00,2019-11-13,2019,11,13,23,0,0,2,317
312,1573689600000,188.07,188.65,187.44,187.66,169152.28313657784,2019-11-14 00:00:00+00:00,2019-11-14,2019,11,14,0,0,0,3,318
313,1573693200000,187.79,188.03,187.2,187.2,174090.96304160118,2019-11-14 01:00:00+00:00,2019-11-14,2019,11,14,1,0,0,3,318
314,1573696800000,187.2,187.52,187.0,187.52,117854.71782043154,2019-11-14 02:00:00+00:00,2019-11-14,2019,11,14,2,0,0,3,318
315,1573700400000,187.51,187.58,187.1,187.43,83564.1469258885,2019-11-14 03:00:00+00:00,2019-11-14,2019,11,14,3,0,0,3,318
316,1573704000000,187.45,187.47,185.24,185.82,396261.8419224159,2019-11-14 04:00:00+00:00,2019-11-14,2019,11,14,4,0,0,3,318
317,1573707600000,185.84,186.47,185.41,186.29,127080.27992985936,2019-11-14 05:00:00+00:00,2019-11-14,2019,11,14,5,0,0,3,318
318,1573711200000,186.29,186.7,185.81,186.0,108443.07733916833,2019-11-14 06:00:00+00:00,2019-11-14,2019,11,14,6,0,0,3,318
319,1573714800000,186.0,186.29,185.05,185.25,228261.1099371291,2019-11-14 07:00:00+00:00,2019-11-14,2019,11,14,7,0,0,3,318
320,1573718400000,185.26,185.71,184.57,185.08,215333.82143833252,2019-11-14 08:00:00+00:00,2019-11-14,2019,11,14,8,0,0,3,318
321,1573722000000,185.08,185.78,184.6,185.59,83033.31282902579,2019-11-14 09:00:00+00:00,2019-11-14,2019,11,14,9,0,0,3,318
322,1573725600000,185.54,185.71,184.99,185.15,102774.4038561363,2019-11-14 10:00:00+00:00,2019-11-14,2019,11,14,10,0,0,3,318
323,1573729200000,185.19,185.29,184.26,185.13,264367.2154690459,2019-11-14 11:00:00+00:00,2019-11-14,2019,11,14,11,0,0,3,318
324,1573732800000,185.17,185.4,184.38,185.3,201944.3942668886,2019-11-14 12:00:00+00:00,2019-11-14,2019,11,14,12,0,0,3,318
325,1573736400000,185.28,186.57,184.55,186.01,130692.75381897176,2019-11-14 13:00:00+00:00,2019-11-14,2019,11,14,13,0,0,3,318
326,1573740000000,186.15,186.32,185.4,185.79,47250.704992268096,2019-11-14 14:00:00+00:00,2019-11-14,2019,11,14,14,0,0,3,318
327,1573743600000,185.79,185.79,184.0,184.58,319041.3635682362,2019-11-14 15:00:00+00:00,2019-11-14,2019,11,14,15,0,0,3,318
328,1573747200000,184.69,185.2,183.89,184.97,171575.264656061,2019-11-14 16:00:00+00:00,2019-11-14,2019,11,14,16,0,0,3,318
329,1573750800000,184.87,185.0,184.52,184.8,27312.72839818106,2019-11-14 17:00:00+00:00,2019-11-14,2019,11,14,17,0,0,3,318
330,1573754400000,184.94,184.94,183.51,183.8,294671.60672983614,2019-11-14 18:00:00+00:00,2019-11-14,2019,11,14,18,0,0,3,318
331,1573758000000,183.93,184.22,183.56,183.73,30771.6979688285,2019-11-14 19:00:00+00:00,2019-11-14,2019,11,14,19,0,0,3,318
332,1573761600000,183.78,184.67,183.73,184.51,13920.654001209661,2019-11-14 20:00:00+00:00,2019-11-14,2019,11,14,20,0,0,3,318
333,1573765200000,184.55,185.42,184.51,185.0,33313.149794618956,2019-11-14 21:00:00+00:00,2019-11-14,2019,11,14,21,0,0,3,318
334,1573768800000,185.16,185.35,184.58,184.94,122522.41535713754,2019-11-14 22:00:00+00:00,2019-11-14,2019,11,14,22,0,0,3,318
335,1573772400000,185.23,185.83,184.72,184.82,99801.6905599079,2019-11-14 23:00:00+00:00,2019-11-14,2019,11,14,23,0,0,3,318
336,1573776000000,184.9,185.21,184.09,184.27,52124.811194235466,2019-11-15 00:00:00+00:00,2019-11-15,2019,11,15,0,0,0,4,319
337,1573779600000,184.34,184.5,183.33,183.39,159595.7009419866,2019-11-15 01:00:00+00:00,2019-11-15,2019,11,15,1,0,0,4,319
338,1573783200000,183.39,184.0,181.14,182.16,448407.9848177305,2019-11-15 02:00:00+00:00,2019-11-15,2019,11,15,2,0,0,4,319
339,1573786800000,182.12,182.69,181.48,182.12,296299.61405501736,2019-11-15 03:00:00+00:00,2019-11-15,2019,11,15,3,0,0,4,319
340,1573790400000,182.14,182.63,181.89,182.25,136960.6944603823,2019-11-15 04:00:00+00:00,2019-11-15,2019,11,15,4,0,0,4,319
341,1573794000000,182.34,182.67,182.0,182.33,95057.4630999987,2019-11-15 05:00:00+00:00,2019-11-15,2019,11,15,5,0,0,4,319
342,1573797600000,182.54,183.65,182.3,183.38,135014.09068111132,2019-11-15 06:00:00+00:00,2019-11-15,2019,11,15,6,0,0,4,319
343,1573801200000,183.65,183.65,182.6,182.64,104661.17981969874,2019-11-15 07:00:00+00:00,2019-11-15,2019,11,15,7,0,0,4,319
344,1573804800000,182.75,184.28,182.66,184.28,260388.33127101767,2019-11-15 08:00:00+00:00,2019-11-15,2019,11,15,8,0,0,4,319
345,1573808400000,184.26,186.57,183.64,183.95,366509.0752909356,2019-11-15 09:00:00+00:00,2019-11-15,2019,11,15,9,0,0,4,319
346,1573812000000,184.0,184.4,183.16,183.62,125916.79117349772,2019-11-15 10:00:00+00:00,2019-11-15,2019,11,15,10,0,0,4,319
347,1573815600000,183.9,184.23,183.34,183.43,63366.05059531513,2019-11-15 11:00:00+00:00,2019-11-15,2019,11,15,11,0,0,4,319
348,1573819200000,183.42,184.0,183.28,183.98,123439.96203949965,2019-11-15 12:00:00+00:00,2019-11-15,2019,11,15,12,0,0,4,319
349,1573822800000,183.96,184.27,182.79,182.88,227180.2151763572,2019-11-15 13:00:00+00:00,2019-11-15,2019,11,15,13,0,0,4,319
350,1573826400000,182.88,183.05,177.85,179.5,1341536.14471491,2019-11-15 14:00:00+00:00,2019-11-15,2019,11,15,14,0,0,4,319
351,1573830000000,179.63,180.8,178.56,179.86,585020.9385698646,2019-11-15 15:00:00+00:00,2019-11-15,2019,11,15,15,0,0,4,319
352,1573833600000,179.88,180.37,178.0,179.19,299652.5466336358,2019-11-15 16:00:00+00:00,2019-11-15,2019,11,15,16,0,0,4,319
353,1573837200000,179.46,179.47,178.88,179.23,60572.332435851815,2019-11-15 17:00:00+00:00,2019-11-15,2019,11,15,17,0,0,4,319
354,1573840800000,179.16,180.0,178.86,179.9,123359.68050782588,2019-11-15 18:00:00+00:00,2019-11-15,2019,11,15,18,0,0,4,319
355,1573844400000,179.82,180.0,179.26,179.59,17810.8320131987,2019-11-15 19:00:00+00:00,2019-11-15,2019,11,15,19,0,0,4,319
356,1573848000000,179.63,179.84,179.24,179.69,8496.450837460163,2019-11-15 20:00:00+00:00,2019-11-15,2019,11,15,20,0,0,4,319
357,1573851600000,179.69,180.0,179.37,179.74,7883.368363699399,2019-11-15 21:00:00+00:00,2019-11-15,2019,11,15,21,0,0,4,319
358,1573855200000,179.74,180.92,179.74,180.82,30985.74743383964,2019-11-15 22:00:00+00:00,2019-11-15,2019,11,15,22,0,0,4,319
359,1573858800000,181.0,181.0,179.79,180.08,79169.45732077006,2019-11-15 23:00:00+00:00,2019-11-15,2019,11,15,23,0,0,4,319
360,1573862400000,180.01,180.4,179.37,180.15,86322.47518341926,2019-11-16 00:00:00+00:00,2019-11-16,2019,11,16,0,0,0,5,320
361,1573866000000,180.15,181.03,179.89,180.88,97446.65658306147,2019-11-16 01:00:00+00:00,2019-11-16,2019,11,16,1,0,0,5,320
362,1573869600000,180.9,180.95,180.15,180.24,101629.26668559459,2019-11-16 02:00:00+00:00,2019-11-16,2019,11,16,2,0,0,5,320
363,1573873200000,180.25,180.46,179.74,179.89,90373.61249529239,2019-11-16 03:00:00+00:00,2019-11-16,2019,11,16,3,0,0,5,320
364,1573876800000,180.08,180.61,179.9,180.61,74036.33773916564,2019-11-16 04:00:00+00:00,2019-11-16,2019,11,16,4,0,0,5,320
365,1573880400000,180.6,180.71,180.08,180.63,82368.51267339672,2019-11-16 05:00:00+00:00,2019-11-16,2019,11,16,5,0,0,5,320
366,1573884000000,180.53,180.7,180.13,180.28,125896.6113958225,2019-11-16 06:00:00+00:00,2019-11-16,2019,11,16,6,0,0,5,320
367,1573887600000,180.28,181.82,180.28,181.22,210951.02409327636,2019-11-16 07:00:00+00:00,2019-11-16,2019,11,16,7,0,0,5,320
368,1573891200000,181.22,181.64,180.93,181.34,90671.07594540341,2019-11-16 08:00:00+00:00,2019-11-16,2019,11,16,8,0,0,5,320
369,1573894800000,181.41,182.29,181.24,181.71,252195.58880576762,2019-11-16 09:00:00+00:00,2019-11-16,2019,11,16,9,0,0,5,320
370,1573898400000,181.65,182.62,181.0,181.33,156248.83490948446,2019-11-16 10:00:00+00:00,2019-11-16,2019,11,16,10,0,0,5,320
371,1573902000000,181.33,181.75,180.79,181.57,164383.80325378012,2019-11-16 11:00:00+00:00,2019-11-16,2019,11,16,11,0,0,5,320
372,1573905600000,181.57,181.9,181.1,181.31,91189.53843421092,2019-11-16 12:00:00+00:00,2019-11-16,2019,11,16,12,0,0,5,320
373,1573909200000,181.37,182.19,181.37,181.87,130767.2746213165,2019-11-16 13:00:00+00:00,2019-11-16,2019,11,16,13,0,0,5,320
374,1573912800000,181.87,182.77,181.63,182.24,170698.00745365466,2019-11-16 14:00:00+00:00,2019-11-16,2019,11,16,14,0,0,5,320
375,1573916400000,182.25,182.85,182.05,182.55,96287.2513903023,2019-11-16 15:00:00+00:00,2019-11-16,2019,11,16,15,0,0,5,320
376,1573920000000,182.6,183.0,182.25,182.42,136356.09931963496,2019-11-16 16:00:00+00:00,2019-11-16,2019,11,16,16,0,0,5,320
377,1573923600000,182.44,182.61,182.1,182.28,70049.22615568251,2019-11-16 17:00:00+00:00,2019-11-16,2019,11,16,17,0,0,5,320
378,1573927200000,182.39,182.78,182.24,182.67,22282.310532796128,2019-11-16 18:00:00+00:00,2019-11-16,2019,11,16,18,0,0,5,320
379,1573930800000,182.8,182.89,182.38,182.48,36565.2636251321,2019-11-16 19:00:00+00:00,2019-11-16,2019,11,16,19,0,0,5,320
380,1573934400000,182.52,182.52,181.98,182.11,9219.095954518467,2019-11-16 20:00:00+00:00,2019-11-16,2019,11,16,20,0,0,5,320
381,1573938000000,182.0,183.4,181.95,183.29,66375.9136662337,2019-11-16 21:00:00+00:00,2019-11-16,2019,11,16,21,0,0,5,320
382,1573941600000,183.45,183.45,182.22,182.22,24657.02117382346,2019-11-16 22:00:00+00:00,2019-11-16,2019,11,16,22,0,0,5,320
383,1573945200000,182.25,182.6,182.0,182.3,46417.15494943832,2019-11-16 23:00:00+00:00,2019-11-16,2019,11,16,23,0,0,5,320
384,1573948800000,182.3,183.0,182.19,182.71,52964.134725943826,2019-11-17 00:00:00+00:00,2019-11-17,2019,11,17,0,0,0,6,321
385,1573952400000,182.74,182.95,182.28,182.52,80918.98393847927,2019-11-17 01:00:00+00:00,2019-11-17,2019,11,17,1,0,0,6,321
386,1573956000000,182.52,182.59,181.96,181.99,126283.18025568368,2019-11-17 02:00:00+00:00,2019-11-17,2019,11,17,2,0,0,6,321
387,1573959600000,182.0,182.15,181.34,181.65,150923.84876526988,2019-11-17 03:00:00+00:00,2019-11-17,2019,11,17,3,0,0,6,321
388,1573963200000,181.65,181.65,180.9,181.01,64751.7246858491,2019-11-17 04:00:00+00:00,2019-11-17,2019,11,17,4,0,0,6,321
389,1573966800000,181.03,181.7,181.0,181.7,57465.90903491953,2019-11-17 05:00:00+00:00,2019-11-17,2019,11,17,5,0,0,6,321
390,1573970400000,181.62,181.62,181.14,181.14,38028.65875149221,2019-11-17 06:00:00+00:00,2019-11-17,2019,11,17,6,0,0,6,321
391,1573974000000,181.23,181.31,180.3,180.62,179190.52442032335,2019-11-17 07:00:00+00:00,2019-11-17,2019,11,17,7,0,0,6,321
392,1573977600000,180.84,183.17,180.13,183.09,344729.11813616066,2019-11-17 08:00:00+00:00,2019-11-17,2019,11,17,8,0,0,6,321
393,1573981200000,183.0,184.0,183.0,183.33,246088.85066028195,2019-11-17 09:00:00+00:00,2019-11-17,2019,11,17,9,0,0,6,321
394,1573984800000,183.33,183.78,182.73,183.63,137291.04886593876,2019-11-17 10:00:00+00:00,2019-11-17,2019,11,17,10,0,0,6,321
395,1573988400000,183.63,185.15,183.44,184.15,375632.6248799666,2019-11-17 11:00:00+00:00,2019-11-17,2019,11,17,11,0,0,6,321
396,1573992000000,184.25,185.57,184.23,185.1,276105.70635287033,2019-11-17 12:00:00+00:00,2019-11-17,2019,11,17,12,0,0,6,321
397,1573995600000,185.35,185.65,183.89,184.07,271336.89339348377,2019-11-17 13:00:00+00:00,2019-11-17,2019,11,17,13,0,0,6,321
398,1573999200000,184.03,184.2,183.5,183.9,202476.21622120074,2019-11-17 14:00:00+00:00,2019-11-17,2019,11,17,14,0,0,6,321
399,1574002800000,183.9,184.84,183.86,184.1,132608.56767039496,2019-11-17 15:00:00+00:00,2019-11-17,2019,11,17,15,0,0,6,321
400,1574006400000,184.3,184.77,184.23,184.53,45845.2711964843,2019-11-17 16:00:00+00:00,2019-11-17,2019,11,17,16,0,0,6,321
401,1574010000000,184.68,185.42,184.68,184.77,158082.66196416353,2019-11-17 17:00:00+00:00,2019-11-17,2019,11,17,17,0,0,6,321
402,1574013600000,184.91,185.2,184.88,185.0,119259.61743090914,2019-11-17 18:00:00+00:00,2019-11-17,2019,11,17,18,0,0,6,321
403,1574017200000,184.98,185.13,184.55,185.04,66046.12394152065,2019-11-17 19:00:00+00:00,2019-11-17,2019,11,17,19,0,0,6,321
404,1574020800000,185.03,185.84,184.17,184.19,195352.8253741479,2019-11-17 20:00:00+00:00,2019-11-17,2019,11,17,20,0,0,6,321
405,1574024400000,184.19,185.18,184.09,185.15,109574.3972679237,2019-11-17 21:00:00+00:00,2019-11-17,2019,11,17,21,0,0,6,321
406,1574028000000,185.16,185.16,184.07,184.28,30339.220234103184,2019-11-17 22:00:00+00:00,2019-11-17,2019,11,17,22,0,0,6,321
407,1574031600000,184.28,184.28,183.38,183.82,100833.51244666289,2019-11-17 23:00:00+00:00,2019-11-17,2019,11,17,23,0,0,6,321
408,1574035200000,183.82,183.84,182.88,183.7,130343.27675453147,2019-11-18 00:00:00+00:00,2019-11-18,2019,11,18,0,0,0,0,322
409,1574038800000,183.83,183.83,183.03,183.14,72466.58727374388,2019-11-18 01:00:00+00:00,2019-11-18,2019,11,18,1,0,0,0,322
410,1574042400000,183.14,183.33,182.18,182.78,154022.2105714533,2019-11-18 02:00:00+00:00,2019-11-18,2019,11,18,2,0,0,0,322
411,1574046000000,182.77,183.27,182.28,183.14,202137.5989121466,2019-11-18 03:00:00+00:00,2019-11-18,2019,11,18,3,0,0,0,322
412,1574049600000,183.01,183.46,182.9,183.27,266135.2218221053,2019-11-18 04:00:00+00:00,2019-11-18,2019,11,18,4,0,0,0,322
413,1574053200000,183.23,183.74,183.0,183.6,61013.56906596072,2019-11-18 05:00:00+00:00,2019-11-18,2019,11,18,5,0,0,0,322
414,1574056800000,183.75,184.0,182.66,182.72,166237.9801195591,2019-11-18 06:00:00+00:00,2019-11-18,2019,11,18,6,0,0,0,322
415,1574060400000,182.72,183.47,182.62,183.25,192245.08499068226,2019-11-18 07:00:00+00:00,2019-11-18,2019,11,18,7,0,0,0,322
416,1574064000000,183.27,183.83,182.83,183.2,149632.0373828485,2019-11-18 08:00:00+00:00,2019-11-18,2019,11,18,8,0,0,0,322
417,1574067600000,183.21,183.32,182.81,183.1,155312.39692195455,2019-11-18 09:00:00+00:00,2019-11-18,2019,11,18,9,0,0,0,322
418,1574071200000,183.1,183.2,182.6,182.6,213011.75984654206,2019-11-18 10:00:00+00:00,2019-11-18,2019,11,18,10,0,0,0,322
419,1574074800000,182.68,183.02,182.0,182.27,255046.73833405285,2019-11-18 11:00:00+00:00,2019-11-18,2019,11,18,11,0,0,0,322
420,1574078400000,182.32,182.45,181.42,181.9,311382.643819463,2019-11-18 12:00:00+00:00,2019-11-18,2019,11,18,12,0,0,0,322
421,1574082000000,181.84,182.77,181.59,182.52,46308.21013612498,2019-11-18 13:00:00+00:00,2019-11-18,2019,11,18,13,0,0,0,322
422,1574085600000,182.55,182.94,182.01,182.01,64561.39811855112,2019-11-18 14:00:00+00:00,2019-11-18,2019,11,18,14,0,0,0,322
423,1574089200000,182.02,182.18,180.55,180.99,935329.570485004,2019-11-18 15:00:00+00:00,2019-11-18,2019,11,18,15,0,0,0,322
424,1574092800000,181.01,181.86,180.83,181.14,131047.62511194816,2019-11-18 16:00:00+00:00,2019-11-18,2019,11,18,16,0,0,0,322
425,1574096400000,181.18,181.18,179.43,180.0,325852.9608454172,2019-11-18 17:00:00+00:00,2019-11-18,2019,11,18,17,0,0,0,322
426,1574100000000,180.02,180.13,174.8349899999,178.5,2843167.5492702075,2019-11-18 18:00:00+00:00,2019-11-18,2019,11,18,18,0,0,0,322
427,1574103600000,178.41,178.84,177.91,178.8,1059947.5318795925,2019-11-18 19:00:00+00:00,2019-11-18,2019,11,18,19,0,0,0,322
428,1574107200000,178.8,178.8,177.19,178.28,260043.2010838016,2019-11-18 20:00:00+00:00,2019-11-18,2019,11,18,20,0,0,0,322
429,1574110800000,178.28,178.58,178.0,178.58,324609.68791721686,2019-11-18 21:00:00+00:00,2019-11-18,2019,11,18,21,0,0,0,322
430,1574114400000,178.58,178.8,177.88,178.77,63598.082595198,2019-11-18 22:00:00+00:00,2019-11-18,2019,11,18,22,0,0,0,322
431,1574118000000,178.71,178.71,178.07,178.09,93145.9446146836,2019-11-18 23:00:00+00:00,2019-11-18,2019,11,18,23,0,0,0,322
432,1574121600000,178.09,178.28,176.79,177.22,233029.8696257917,2019-11-19 00:00:00+00:00,2019-11-19,2019,11,19,0,0,0,1,323
433,1574125200000,177.22,178.26,177.04,178.0,372879.5953774038,2019-11-19 01:00:00+00:00,2019-11-19,2019,11,19,1,0,0,1,323
434,1574128800000,178.04,178.49,177.5,177.94,118925.63887193122,2019-11-19 02:00:00+00:00,2019-11-19,2019,11,19,2,0,0,1,323
435,1574132400000,177.89,178.0,176.83,177.05,288083.1658707553,2019-11-19 03:00:00+00:00,2019-11-19,2019,11,19,3,0,0,1,323
436,1574136000000,177.1,177.39,175.8239999999,177.1,178141.66940947098,2019-11-19 04:00:00+00:00,2019-11-19,2019,11,19,4,0,0,1,323
437,1574139600000,177.1,177.38,176.57,176.61,103553.45963260415,2019-11-19 05:00:00+00:00,2019-11-19,2019,11,19,5,0,0,1,323
438,1574143200000,176.62,176.85,175.81,176.78,311133.6128635729,2019-11-19 06:00:00+00:00,2019-11-19,2019,11,19,6,0,0,1,323
439,1574146800000,176.74,176.85,174.9,176.1,313940.5334232841,2019-11-19 07:00:00+00:00,2019-11-19,2019,11,19,7,0,0,1,323
440,1574150400000,176.1,177.39,175.98,177.25,198519.70871146958,2019-11-19 08:00:00+00:00,2019-11-19,2019,11,19,8,0,0,1,323
441,1574154000000,177.39,177.42,176.57,176.98,139980.7116171602,2019-11-19 09:00:00+00:00,2019-11-19,2019,11,19,9,0,0,1,323
442,1574157600000,177.15,177.15,176.0,176.41,114119.91593968555,2019-11-19 10:00:00+00:00,2019-11-19,2019,11,19,10,0,0,1,323
443,1574161200000,176.46,176.51,173.1966299999,174.65,383360.86295602925,2019-11-19 11:00:00+00:00,2019-11-19,2019,11,19,11,0,0,1,323
444,1574164800000,174.82,175.97,173.43,174.17,167919.9431898293,2019-11-19 12:00:00+00:00,2019-11-19,2019,11,19,12,0,0,1,323
445,1574168400000,174.17,174.74,173.5,174.0,309970.6835091399,2019-11-19 13:00:00+00:00,2019-11-19,2019,11,19,13,0,0,1,323
446,1574172000000,174.04,175.78,174.04,175.0,210340.1743862161,2019-11-19 14:00:00+00:00,2019-11-19,2019,11,19,14,0,0,1,323
447,1574175600000,175.0,175.39,174.28,175.04,221045.13170102867,2019-11-19 15:00:00+00:00,2019-11-19,2019,11,19,15,0,0,1,323
448,1574179200000,175.02,175.89,174.21,174.51,424504.46654415637,2019-11-19 16:00:00+00:00,2019-11-19,2019,11,19,16,0,0,1,323
449,1574182800000,174.73,174.77,172.8,174.21,169279.83471892474,2019-11-19 17:00:00+00:00,2019-11-19,2019,11,19,17,0,0,1,323
450,1574186400000,174.28,174.87,173.78,173.78,29946.363065484988,2019-11-19 18:00:00+00:00,2019-11-19,2019,11,19,18,0,0,1,323
451,1574190000000,173.94,174.58,173.66,174.22,78737.6323737846,2019-11-19 19:00:00+00:00,2019-11-19,2019,11,19,19,0,0,1,323
452,1574193600000,174.24,174.24,172.95,174.0,47455.708418277514,2019-11-19 20:00:00+00:00,2019-11-19,2019,11,19,20,0,0,1,323
453,1574197200000,174.08,174.6,173.8,174.59,50712.47455420418,2019-11-19 21:00:00+00:00,2019-11-19,2019,11,19,21,0,0,1,323
454,1574200800000,174.65,176.4,174.65,175.88,65097.01628299145,2019-11-19 22:00:00+00:00,2019-11-19,2019,11,19,22,0,0,1,323
455,1574204400000,175.84,176.32,175.19,175.8,46877.39811502837,2019-11-19 23:00:00+00:00,2019-11-19,2019,11,19,23,0,0,1,323
456,1574208000000,175.92,175.96,175.0,175.66,112336.23523987649,2019-11-20 00:00:00+00:00,2019-11-20,2019,11,20,0,0,0,2,324
457,1574211600000,175.87,176.89,175.72,176.2,169664.0257245572,2019-11-20 01:00:00+00:00,2019-11-20,2019,11,20,1,0,0,2,324
458,1574215200000,176.25,176.72,176.23,176.33,124350.0646382029,2019-11-20 02:00:00+00:00,2019-11-20,2019,11,20,2,0,0,2,324
459,1574218800000,176.37,176.39,175.65,175.65,59401.53514336504,2019-11-20 03:00:00+00:00,2019-11-20,2019,11,20,3,0,0,2,324
460,1574222400000,175.65,176.43,175.42,175.42,52228.650604233604,2019-11-20 04:00:00+00:00,2019-11-20,2019,11,20,4,0,0,2,324
461,1574226000000,175.47,176.57,174.65,176.24,693319.6164008896,2019-11-20 05:00:00+00:00,2019-11-20,2019,11,20,5,0,0,2,324
462,1574229600000,176.3,177.45,176.2,176.85,173753.8227104641,2019-11-20 06:00:00+00:00,2019-11-20,2019,11,20,6,0,0,2,324
463,1574233200000,177.0,177.43,176.57,176.69,152719.2109985702,2019-11-20 07:00:00+00:00,2019-11-20,2019,11,20,7,0,0,2,324
464,1574236800000,176.69,177.09,175.99,176.03,269142.4963739978,2019-11-20 08:00:00+00:00,2019-11-20,2019,11,20,8,0,0,2,324
465,1574240400000,176.07,176.34,175.19,175.23,118446.66247324563,2019-11-20 09:00:00+00:00,2019-11-20,2019,11,20,9,0,0,2,324
466,1574244000000,175.23,175.57,173.64,174.47,306145.9834198565,2019-11-20 10:00:00+00:00,2019-11-20,2019,11,20,10,0,0,2,324
467,1574247600000,174.56,175.2,174.19,174.84,99626.99332528678,2019-11-20 11:00:00+00:00,2019-11-20,2019,11,20,11,0,0,2,324
468,1574251200000,174.98,175.46,174.5,174.78,206221.66202972745,2019-11-20 12:00:00+00:00,2019-11-20,2019,11,20,12,0,0,2,324
469,1574254800000,174.79,175.25,174.75,175.12,85321.03680577487,2019-11-20 13:00:00+00:00,2019-11-20,2019,11,20,13,0,0,2,324
470,1574258400000,175.12,177.23,175.12,177.02,165311.96950102007,2019-11-20 14:00:00+00:00,2019-11-20,2019,11,20,14,0,0,2,324
471,1574262000000,177.18,177.26,175.14,176.0,91786.1700154965,2019-11-20 15:00:00+00:00,2019-11-20,2019,11,20,15,0,0,2,324
472,1574265600000,176.0,176.74,175.7,175.91,105935.72702951539,2019-11-20 16:00:00+00:00,2019-11-20,2019,11,20,16,0,0,2,324
473,1574269200000,175.98,176.78,175.83,176.55,52259.021958707985,2019-11-20 17:00:00+00:00,2019-11-20,2019,11,20,17,0,0,2,324
474,1574272800000,176.63,177.28,174.0,174.47,171761.62464464316,2019-11-20 18:00:00+00:00,2019-11-20,2019,11,20,18,0,0,2,324
475,1574276400000,174.55,174.76,173.55,174.58,111755.42692546808,2019-11-20 19:00:00+00:00,2019-11-20,2019,11,20,19,0,0,2,324
476,1574280000000,174.76,174.76,173.92,174.6,39880.40329253929,2019-11-20 20:00:00+00:00,2019-11-20,2019,11,20,20,0,0,2,324
477,1574283600000,174.79,175.73,174.58,175.18,14936.888152525586,2019-11-20 21:00:00+00:00,2019-11-20,2019,11,20,21,0,0,2,324
478,1574287200000,175.42,175.82,174.7,175.0,62514.475933121335,2019-11-20 22:00:00+00:00,2019-11-20,2019,11,20,22,0,0,2,324
479,1574290800000,175.0,175.25,174.34,174.78,48357.0071701245,2019-11-20 23:00:00+00:00,2019-11-20,2019,11,20,23,0,0,2,324
480,1574294400000,174.71,174.97,174.08,174.7,183738.3732818563,2019-11-21 00:00:00+00:00,2019-11-21,2019,11,21,0,0,0,3,325
481,1574298000000,174.82,175.88,174.67,175.88,55299.24829864473,2019-11-21 01:00:00+00:00,2019-11-21,2019,11,21,1,0,0,3,325
482,1574301600000,175.74,175.74,174.86,175.18,79243.44316842494,2019-11-21 02:00:00+00:00,2019-11-21,2019,11,21,2,0,0,3,325
483,1574305200000,175.14,175.59,174.66,175.44,50055.507244327106,2019-11-21 03:00:00+00:00,2019-11-21,2019,11,21,3,0,0,3,325
484,1574308800000,175.5,175.5,174.82,174.86,31425.1005025778,2019-11-21 04:00:00+00:00,2019-11-21,2019,11,21,4,0,0,3,325
485,1574312400000,175.1,175.14,174.8,175.0,59525.20170570581,2019-11-21 05:00:00+00:00,2019-11-21,2019,11,21,5,0,0,3,325
486,1574316000000,175.0,175.0,174.08,174.47,138616.9560777786,2019-11-21 06:00:00+00:00,2019-11-21,2019,11,21,6,0,0,3,325
487,1574319600000,174.33,174.93,174.01,174.65,128655.71785963207,2019-11-21 07:00:00+00:00,2019-11-21,2019,11,21,7,0,0,3,325
488,1574323200000,174.53,174.76,171.0,172.16,623693.155303496,2019-11-21 08:00:00+00:00,2019-11-21,2019,11,21,8,0,0,3,325
489,1574326800000,172.16,172.74,171.66,171.7,354191.36669056676,2019-11-21 09:00:00+00:00,2019-11-21,2019,11,21,9,0,0,3,325
490,1574330400000,171.7,171.78,170.95,171.23,273390.74326341547,2019-11-21 10:00:00+00:00,2019-11-21,2019,11,21,10,0,0,3,325
491,1574334000000,171.31,171.31,166.71,168.08,1689618.8415658195,2019-11-21 11:00:00+00:00,2019-11-21,2019,11,21,11,0,0,3,325
492,1574337600000,168.2,169.5,168.16,169.5,261719.93592595294,2019-11-21 12:00:00+00:00,2019-11-21,2019,11,21,12,0,0,3,325
493,1574341200000,169.46,169.49,168.59,168.73,152624.30818092643,2019-11-21 13:00:00+00:00,2019-11-21,2019,11,21,13,0,0,3,325
494,1574344800000,168.68,168.8,164.15,165.1,935470.9745459436,2019-11-21 14:00:00+00:00,2019-11-21,2019,11,21,14,0,0,3,325
495,1574348400000,164.99,164.99,157.29,161.42,3092386.870922851,2019-11-21 15:00:00+00:00,2019-11-21,2019,11,21,15,0,0,3,325
496,1574352000000,161.4,162.14,160.08,160.71,438384.9078666842,2019-11-21 16:00:00+00:00,2019-11-21,2019,11,21,16,0,0,3,325
497,1574355600000,160.72,160.72,158.34,158.51,404569.9683800618,2019-11-21 17:00:00+00:00,2019-11-21,2019,11,21,17,0,0,3,325
498,1574359200000,158.72,159.0,158.31,158.41,209622.44796886537,2019-11-21 18:00:00+00:00,2019-11-21,2019,11,21,18,0,0,3,325
499,1574362800000,158.71,160.44,158.56,160.36,142239.2920653543,2019-11-21 19:00:00+00:00,2019-11-21,2019,11,21,19,0,0,3,325
500,1574366400000,160.5,160.89,158.5,158.83,81239.55929654138,2019-11-21 20:00:00+00:00,2019-11-21,2019,11,21,20,0,0,3,325
501,1574370000000,159.07,160.1,158.7,159.57,53944.88474631259,2019-11-21 21:00:00+00:00,2019-11-21,2019,11,21,21,0,0,3,325
502,1574373600000,159.53,160.98,159.4,160.62,116042.8080633381,2019-11-21 22:00:00+00:00,2019-11-21,2019,11,21,22,0,0,3,325
503,1574377200000,160.62,161.14,160.03,161.0,215608.06106697925,2019-11-21 23:00:00+00:00,2019-11-21,2019,11,21,23,0,0,3,325
504,1574380800000,160.98,162.47,160.9,162.47,356558.2702425916,2019-11-22 00:00:00+00:00,2019-11-22,2019,11,22,0,0,0,4,326
505,1574384400000,162.57,162.77,161.57,161.98,179890.3467788853,2019-11-22 01:00:00+00:00,2019-11-22,2019,11,22,1,0,0,4,326
506,1574388000000,161.98,162.46,161.26,161.57,198463.2698929091,2019-11-22 02:00:00+00:00,2019-11-22,2019,11,22,2,0,0,4,326
507,1574391600000,161.57,161.78,160.07,160.17,215622.85601197864,2019-11-22 03:00:00+00:00,2019-11-22,2019,11,22,3,0,0,4,326
508,1574395200000,160.17,161.19,160.0,160.54,165975.60061400672,2019-11-22 04:00:00+00:00,2019-11-22,2019,11,22,4,0,0,4,326
509,1574398800000,160.53,160.74,158.39,159.25,224725.39688021303,2019-11-22 05:00:00+00:00,2019-11-22,2019,11,22,5,0,0,4,326
510,1574402400000,159.16,159.66,154.45,155.09,1421899.6344475057,2019-11-22 06:00:00+00:00,2019-11-22,2019,11,22,6,0,0,4,326
511,1574406000000,155.13,158.23,153.51,157.7,1340517.595285017,2019-11-22 07:00:00+00:00,2019-11-22,2019,11,22,7,0,0,4,326
512,1574409600000,157.73,161.92,157.2,157.52,801905.0138447413,2019-11-22 08:00:00+00:00,2019-11-22,2019,11,22,8,0,0,4,326
513,1574413200000,157.46,157.47,152.0,155.14,1250127.6659734987,2019-11-22 09:00:00+00:00,2019-11-22,2019,11,22,9,0,0,4,326
514,1574416800000,155.14,155.14,145.0,147.97,2875627.47415593,2019-11-22 10:00:00+00:00,2019-11-22,2019,11,22,10,0,0,4,326
515,1574420400000,148.11,150.95,147.97,148.74,602276.1228983906,2019-11-22 11:00:00+00:00,2019-11-22,2019,11,22,11,0,0,4,326
516,1574424000000,148.89,150.0,148.16,149.75,441613.85567146674,2019-11-22 12:00:00+00:00,2019-11-22,2019,11,22,12,0,0,4,326
517,1574427600000,149.75,149.75,142.99,144.66,1230913.9042041383,2019-11-22 13:00:00+00:00,2019-11-22,2019,11,22,13,0,0,4,326
518,1574431200000,144.89,145.0,138.0,144.56,2193196.486757003,2019-11-22 14:00:00+00:00,2019-11-22,2019,11,22,14,0,0,4,326
519,1574434800000,144.75,148.64,144.52,148.05,857552.8069551588,2019-11-22 15:00:00+00:00,2019-11-22,2019,11,22,15,0,0,4,326
520,1574438400000,148.09,150.26,146.3,147.33,658559.3364270305,2019-11-22 16:00:00+00:00,2019-11-22,2019,11,22,16,0,0,4,326
521,1574442000000,147.33,148.89,147.04,148.33,204651.07784046253,2019-11-22 17:00:00+00:00,2019-11-22,2019,11,22,17,0,0,4,326
522,1574445600000,148.45,150.58,147.75,150.35,92086.11405214352,2019-11-22 18:00:00+00:00,2019-11-22,2019,11,22,18,0,0,4,326
523,1574449200000,150.31,152.9,149.99,152.49,346627.88383880985,2019-11-22 19:00:00+00:00,2019-11-22,2019,11,22,19,0,0,4,326
524,1574452800000,152.56,154.6,151.36,152.37,250951.81335426276,2019-11-22 20:00:00+00:00,2019-11-22,2019,11,22,20,0,0,4,326
525,1574456400000,152.39,153.58,152.0,152.71,101395.30251462842,2019-11-22 21:00:00+00:00,2019-11-22,2019,11,22,21,0,0,4,326
526,1574460000000,152.74,153.36,148.53,149.19,282102.90736516047,2019-11-22 22:00:00+00:00,2019-11-22,2019,11,22,22,0,0,4,326
527,1574463600000,149.28,150.19,147.75,149.52,229943.84081476295,2019-11-22 23:00:00+00:00,2019-11-22,2019,11,22,23,0,0,4,326
528,1574467200000,149.65,149.71,146.17,148.21,346912.0741136185,2019-11-23 00:00:00+00:00,2019-11-23,2019,11,23,0,0,0,5,327
529,1574470800000,147.86,149.5,147.02,149.18,105898.3027524517,2019-11-23 01:00:00+00:00,2019-11-23,2019,11,23,1,0,0,5,327
530,1574474400000,148.97,150.26,148.92,149.9,183871.54161764221,2019-11-23 02:00:00+00:00,2019-11-23,2019,11,23,2,0,0,5,327
531,1574478000000,149.97,152.0,149.93,151.54,214581.65165992256,2019-11-23 03:00:00+00:00,2019-11-23,2019,11,23,3,0,0,5,327
532,1574481600000,151.55,152.06,149.5,149.5,208833.94252847726,2019-11-23 04:00:00+00:00,2019-11-23,2019,11,23,4,0,0,5,327
533,1574485200000,149.51,150.89,148.93,150.48,104530.72788439873,2019-11-23 05:00:00+00:00,2019-11-23,2019,11,23,5,0,0,5,327
534,1574488800000,150.75,151.25,150.0,150.54,147226.62580681194,2019-11-23 06:00:00+00:00,2019-11-23,2019,11,23,6,0,0,5,327
535,1574492400000,150.54,151.5,149.52,149.86,183719.66597769063,2019-11-23 07:00:00+00:00,2019-11-23,2019,11,23,7,0,0,5,327
536,1574496000000,150.02,150.85,148.0,148.65,160384.28030094388,2019-11-23 08:00:00+00:00,2019-11-23,2019,11,23,8,0,0,5,327
537,1574499600000,148.65,148.81,146.63,147.95,353553.65921895765,2019-11-23 09:00:00+00:00,2019-11-23,2019,11,23,9,0,0,5,327
538,1574503200000,147.95,149.72,147.0,148.68,226854.7401995355,2019-11-23 10:00:00+00:00,2019-11-23,2019,11,23,10,0,0,5,327
539,1574506800000,148.9,149.92,148.22,148.83,245293.23221538338,2019-11-23 11:00:00+00:00,2019-11-23,2019,11,23,11,0,0,5,327
540,1574510400000,148.83,149.5,148.07,148.42,87042.92239693423,2019-11-23 12:00:00+00:00,2019-11-23,2019,11,23,12,0,0,5,327
541,1574514000000,148.4,149.32,148.38,148.99,92892.79490984556,2019-11-23 13:00:00+00:00,2019-11-23,2019,11,23,13,0,0,5,327
542,1574517600000,148.99,151.94,148.87,150.93,327822.8361846242,2019-11-23 14:00:00+00:00,2019-11-23,2019,11,23,14,0,0,5,327
543,1574521200000,150.93,152.88,150.34,152.01,358859.3715489668,2019-11-23 15:00:00+00:00,2019-11-23,2019,11,23,15,0,0,5,327
544,1574524800000,152.16,154.14,151.45,153.33,336044.00987955666,2019-11-23 16:00:00+00:00,2019-11-23,2019,11,23,16,0,0,5,327
545,1574528400000,153.3,153.9,151.41,152.35,183489.92376218707,2019-11-23 17:00:00+00:00,2019-11-23,2019,11,23,17,0,0,5,327
546,1574532000000,152.17,152.83,151.58,152.29,9482.409448777446,2019-11-23 18:00:00+00:00,2019-11-23,2019,11,23,18,0,0,5,327
547,1574535600000,152.92,153.0,151.52,151.57,29735.927896951536,2019-11-23 19:00:00+00:00,2019-11-23,2019,11,23,19,0,0,5,327
548,1574539200000,151.57,151.68,150.8,150.89,73013.58017895649,2019-11-23 20:00:00+00:00,2019-11-23,2019,11,23,20,0,0,5,327
549,1574542800000,150.93,151.13,150.17,151.12,20952.61844710025,2019-11-23 21:00:00+00:00,2019-11-23,2019,11,23,21,0,0,5,327
550,1574546400000,151.14,152.83,150.91,151.92,50081.602589386435,2019-11-23 22:00:00+00:00,2019-11-23,2019,11,23,22,0,0,5,327
551,1574550000000,151.92,152.8,151.66,151.69,76718.95408274684,2019-11-23 23:00:00+00:00,2019-11-23,2019,11,23,23,0,0,5,327
552,1574553600000,151.69,152.79,150.37,150.87,226794.36682329385,2019-11-24 00:00:00+00:00,2019-11-24,2019,11,24,0,0,0,6,328
553,1574557200000,150.74,151.16,150.29,150.88,169859.80404777438,2019-11-24 01:00:00+00:00,2019-11-24,2019,11,24,1,0,0,6,328
554,1574560800000,150.87,151.7,150.37,150.46,156609.06471334884,2019-11-24 02:00:00+00:00,2019-11-24,2019,11,24,2,0,0,6,328
555,1574564400000,150.36,150.36,149.43,149.76,216885.52285683338,2019-11-24 03:00:00+00:00,2019-11-24,2019,11,24,3,0,0,6,328
556,1574568000000,149.77,150.0,148.7,149.18,134722.25665893633,2019-11-24 04:00:00+00:00,2019-11-24,2019,11,24,4,0,0,6,328
557,1574571600000,149.3,149.95,149.0,149.38,85072.01568857906,2019-11-24 05:00:00+00:00,2019-11-24,2019,11,24,5,0,0,6,328
558,1574575200000,149.44,150.71,149.44,149.76,85894.92665307877,2019-11-24 06:00:00+00:00,2019-11-24,2019,11,24,6,0,0,6,328
559,1574578800000,149.76,150.1,149.44,149.44,114879.15717107338,2019-11-24 07:00:00+00:00,2019-11-24,2019,11,24,7,0,0,6,328
560,1574582400000,149.33,150.57,149.22,150.07,87079.01903434201,2019-11-24 08:00:00+00:00,2019-11-24,2019,11,24,8,0,0,6,328
561,1574586000000,150.0,151.2,149.77,150.76,200694.32274218387,2019-11-24 09:00:00+00:00,2019-11-24,2019,11,24,9,0,0,6,328
562,1574589600000,150.76,151.15,148.79,148.93,366123.10460021335,2019-11-24 10:00:00+00:00,2019-11-24,2019,11,24,10,0,0,6,328
563,1574593200000,148.93,150.47,148.75,149.91,233162.85519484966,2019-11-24 11:00:00+00:00,2019-11-24,2019,11,24,11,0,0,6,328
564,1574596800000,149.91,150.0,148.82,149.14,93684.86994815522,2019-11-24 12:00:00+00:00,2019-11-24,2019,11,24,12,0,0,6,328
565,1574600400000,149.28,149.28,148.16,148.2,178703.77733796797,2019-11-24 13:00:00+00:00,2019-11-24,2019,11,24,13,0,0,6,328
566,1574604000000,148.39,148.53,144.28,146.04,730886.9439888411,2019-11-24 14:00:00+00:00,2019-11-24,2019,11,24,14,0,0,6,328
567,1574607600000,146.24,146.85,143.0,143.72,489600.59106898506,2019-11-24 15:00:00+00:00,2019-11-24,2019,11,24,15,0,0,6,328
568,1574611200000,143.71,145.37,141.22,144.73,697153.9174773697,2019-11-24 16:00:00+00:00,2019-11-24,2019,11,24,16,0,0,6,328
569,1574614800000,144.73,145.41,144.0,144.9,323938.11307072424,2019-11-24 17:00:00+00:00,2019-11-24,2019,11,24,17,0,0,6,328
570,1574618400000,144.9,145.43,144.25,144.66,38452.020036559115,2019-11-24 18:00:00+00:00,2019-11-24,2019,11,24,18,0,0,6,328
571,1574622000000,144.6,144.84,143.8,144.06,123213.7500765828,2019-11-24 19:00:00+00:00,2019-11-24,2019,11,24,19,0,0,6,328
572,1574625600000,144.03,144.87,142.73,144.19,166084.07960917667,2019-11-24 20:00:00+00:00,2019-11-24,2019,11,24,20,0,0,6,328
573,1574629200000,144.29,144.79,143.71,143.86,32052.3686991833,2019-11-24 21:00:00+00:00,2019-11-24,2019,11,24,21,0,0,6,328
574,1574632800000,143.87,144.33,143.0,143.91,56190.90142264118,2019-11-24 22:00:00+00:00,2019-11-24,2019,11,24,22,0,0,6,328
575,1574636400000,143.96,143.98,138.67,139.91,703088.0105462521,2019-11-24 23:00:00+00:00,2019-11-24,2019,11,24,23,0,0,6,328
576,1574640000000,140.05,141.01,138.2,140.14,688868.3568351901,2019-11-25 00:00:00+00:00,2019-11-25,2019,11,25,0,0,0,0,329
577,1574643600000,140.32,142.33,135.65,137.51,855630.1320924766,2019-11-25 01:00:00+00:00,2019-11-25,2019,11,25,1,0,0,0,329
578,1574647200000,137.73,138.72,137.06,137.72,349106.6077434922,2019-11-25 02:00:00+00:00,2019-11-25,2019,11,25,2,0,0,0,329
579,1574650800000,137.66,138.57,136.23,136.23,411903.1571118091,2019-11-25 03:00:00+00:00,2019-11-25,2019,11,25,3,0,0,0,329
580,1574654400000,136.3,136.54,133.4,134.28,711460.438355603,2019-11-25 04:00:00+00:00,2019-11-25,2019,11,25,4,0,0,0,329
581,1574658000000,134.39,134.78,131.42,132.03,774326.1138005055,2019-11-25 05:00:00+00:00,2019-11-25,2019,11,25,5,0,0,0,329
582,1574661600000,132.17,135.17,132.03,134.37,557764.2152906338,2019-11-25 06:00:00+00:00,2019-11-25,2019,11,25,6,0,0,0,329
583,1574665200000,134.42,135.96,134.15,135.2,348953.1118638423,2019-11-25 07:00:00+00:00,2019-11-25,2019,11,25,7,0,0,0,329
584,1574668800000,135.2,136.28,134.28,135.42,145383.23010464094,2019-11-25 08:00:00+00:00,2019-11-25,2019,11,25,8,0,0,0,329
585,1574672400000,135.45,138.51,135.07,137.36,356670.008068045,2019-11-25 09:00:00+00:00,2019-11-25,2019,11,25,9,0,0,0,329
586,1574676000000,137.36,145.81,136.83,143.73,859144.2412987822,2019-11-25 10:00:00+00:00,2019-11-25,2019,11,25,10,0,0,0,329
587,1574679600000,143.73,146.84,140.78,142.44,1337136.3966649934,2019-11-25 11:00:00+00:00,2019-11-25,2019,11,25,11,0,0,0,329
588,1574683200000,142.42,148.02,142.26,147.44,1332118.9383698737,2019-11-25 12:00:00+00:00,2019-11-25,2019,11,25,12,0,0,0,329
589,1574686800000,147.48,149.7,145.28,146.05,1318038.3549710985,2019-11-25 13:00:00+00:00,2019-11-25,2019,11,25,13,0,0,0,329
590,1574690400000,146.16,149.11,146.16,147.51,434699.6212025479,2019-11-25 14:00:00+00:00,2019-11-25,2019,11,25,14,0,0,0,329
591,1574694000000,147.62,150.0,147.51,149.62,895441.759373645,2019-11-25 15:00:00+00:00,2019-11-25,2019,11,25,15,0,0,0,329
592,1574697600000,149.63,151.42,148.0,148.36,598209.7780123721,2019-11-25 16:00:00+00:00,2019-11-25,2019,11,25,16,0,0,0,329
593,1574701200000,148.32,148.75,146.43,148.27,319646.23903700325,2019-11-25 17:00:00+00:00,2019-11-25,2019,11,25,17,0,0,0,329
594,1574704800000,148.25,149.34,148.23,149.08,71012.5959462518,2019-11-25 18:00:00+00:00,2019-11-25,2019,11,25,18,0,0,0,329
595,1574708400000,149.02,149.21,146.43,146.84,205055.8295323243,2019-11-25 19:00:00+00:00,2019-11-25,2019,11,25,19,0,0,0,329
596,1574712000000,146.85,147.65,144.87,146.39,75241.4717178897,2019-11-25 20:00:00+00:00,2019-11-25,2019,11,25,20,0,0,0,329
597,1574715600000,146.65,148.18,145.98,147.77,66494.8820463786,2019-11-25 21:00:00+00:00,2019-11-25,2019,11,25,21,0,0,0,329
598,1574719200000,147.67,147.94,146.8,146.84,44309.22126537521,2019-11-25 22:00:00+00:00,2019-11-25,2019,11,25,22,0,0,0,329
599,1574722800000,146.77,147.26,145.6,145.73,97920.9128185461,2019-11-25 23:00:00+00:00,2019-11-25,2019,11,25,23,0,0,0,329
600,1574726400000,145.66,146.5,144.19,145.6,387712.47222570307,2019-11-26 00:00:00+00:00,2019-11-26,2019,11,26,0,0,0,1,330
601,1574730000000,145.51,147.41,145.0,146.93,109990.56879388752,2019-11-26 01:00:00+00:00,2019-11-26,2019,11,26,1,0,0,1,330
602,1574733600000,146.91,148.2,146.63,147.02,226252.29463371265,2019-11-26 02:00:00+00:00,2019-11-26,2019,11,26,2,0,0,1,330
603,1574737200000,147.1,149.9,146.63,149.34,571874.8905140487,2019-11-26 03:00:00+00:00,2019-11-26,2019,11,26,3,0,0,1,330
604,1574740800000,149.5,149.5,147.57,147.92,222456.60724004975,2019-11-26 04:00:00+00:00,2019-11-26,2019,11,26,4,0,0,1,330
605,1574744400000,147.94,149.79,147.79,148.29,369699.8799152938,2019-11-26 05:00:00+00:00,2019-11-26,2019,11,26,5,0,0,1,330
606,1574748000000,148.6,149.5,147.29,147.31,233750.70051961573,2019-11-26 06:00:00+00:00,2019-11-26,2019,11,26,6,0,0,1,330
607,1574751600000,147.2,147.71,145.61,146.82,463184.641701098,2019-11-26 07:00:00+00:00,2019-11-26,2019,11,26,7,0,0,1,330
608,1574755200000,146.82,147.86,146.0,146.35,304520.6835579687,2019-11-26 08:00:00+00:00,2019-11-26,2019,11,26,8,0,0,1,330
609,1574758800000,146.56,147.5,145.88,146.78,294006.9467566547,2019-11-26 09:00:00+00:00,2019-11-26,2019,11,26,9,0,0,1,330
610,1574762400000,146.69,147.27,146.39,146.7,139091.5999296725,2019-11-26 10:00:00+00:00,2019-11-26,2019,11,26,10,0,0,1,330
611,1574766000000,146.7,146.7,143.66,146.1,527706.347170963,2019-11-26 11:00:00+00:00,2019-11-26,2019,11,26,11,0,0,1,330
612,1574769600000,146.0,146.91,145.0,145.58,189919.06246307716,2019-11-26 12:00:00+00:00,2019-11-26,2019,11,26,12,0,0,1,330
613,1574773200000,145.58,145.61,143.79,144.19,187084.6444474218,2019-11-26 13:00:00+00:00,2019-11-26,2019,11,26,13,0,0,1,330
614,1574776800000,144.12,145.68,143.58,144.7,227122.55787354836,2019-11-26 14:00:00+00:00,2019-11-26,2019,11,26,14,0,0,1,330
615,1574780400000,144.78,146.12,144.45,145.7,165476.1289726225,2019-11-26 15:00:00+00:00,2019-11-26,2019,11,26,15,0,0,1,330
616,1574784000000,145.88,146.45,145.09,145.85,148249.8640604507,2019-11-26 16:00:00+00:00,2019-11-26,2019,11,26,16,0,0,1,330
617,1574787600000,145.97,145.97,144.57,145.11,39200.86910472945,2019-11-26 17:00:00+00:00,2019-11-26,2019,11,26,17,0,0,1,330
618,1574791200000,145.2,145.35,144.0,145.06,123983.21173861228,2019-11-26 18:00:00+00:00,2019-11-26,2019,11,26,18,0,0,1,330
619,1574794800000,145.18,145.71,144.71,144.96,68654.22514774163,2019-11-26 19:00:00+00:00,2019-11-26,2019,11,26,19,0,0,1,330
620,1574798400000,145.1,146.86,145.09,146.53,52009.817447308335,2019-11-26 20:00:00+00:00,2019-11-26,2019,11,26,20,0,0,1,330
621,1574802000000,146.59,148.65,146.59,147.93,194727.8989399788,2019-11-26 21:00:00+00:00,2019-11-26,2019,11,26,21,0,0,1,330
622,1574805600000,147.9,148.11,147.34,147.78,165939.7825772525,2019-11-26 22:00:00+00:00,2019-11-26,2019,11,26,22,0,0,1,330
623,1574809200000,147.75,148.16,147.0,147.57,159101.5921895665,2019-11-26 23:00:00+00:00,2019-11-26,2019,11,26,23,0,0,1,330
624,1574812800000,147.29,147.72,146.58,147.72,280955.13517120085,2019-11-27 00:00:00+00:00,2019-11-27,2019,11,27,0,0,0,2,331
625,1574816400000,147.73,148.47,147.05,147.82,86406.563116162,2019-11-27 01:00:00+00:00,2019-11-27,2019,11,27,1,0,0,2,331
626,1574820000000,147.82,148.3,147.19,147.4,201533.39722738834,2019-11-27 02:00:00+00:00,2019-11-27,2019,11,27,2,0,0,2,331
627,1574823600000,147.4,147.57,145.0,145.39,525041.3666079686,2019-11-27 03:00:00+00:00,2019-11-27,2019,11,27,3,0,0,2,331
628,1574827200000,145.38,146.13,143.71,145.25,656538.901123713,2019-11-27 04:00:00+00:00,2019-11-27,2019,11,27,4,0,0,2,331
629,1574830800000,145.24,145.71,144.63,145.25,161814.81002369127,2019-11-27 05:00:00+00:00,2019-11-27,2019,11,27,5,0,0,2,331
630,1574834400000,145.25,147.0,144.67,146.83,100494.12050427862,2019-11-27 06:00:00+00:00,2019-11-27,2019,11,27,6,0,0,2,331
631,1574838000000,146.92,147.6,145.76,146.21,156118.01836935995,2019-11-27 07:00:00+00:00,2019-11-27,2019,11,27,7,0,0,2,331
632,1574841600000,146.21,146.86,145.06,145.06,254481.21180435052,2019-11-27 08:00:00+00:00,2019-11-27,2019,11,27,8,0,0,2,331
633,1574845200000,145.0,145.08,140.99,142.17,1061304.801876758,2019-11-27 09:00:00+00:00,2019-11-27,2019,11,27,9,0,0,2,331
634,1574848800000,142.03,143.07,141.01,142.72,211241.16476185524,2019-11-27 10:00:00+00:00,2019-11-27,2019,11,27,10,0,0,2,331
635,1574852400000,142.72,146.87,142.57,146.52,714081.0158474145,2019-11-27 11:00:00+00:00,2019-11-27,2019,11,27,11,0,0,2,331
636,1574856000000,146.51,149.28,145.92,147.4,816301.3146374957,2019-11-27 12:00:00+00:00,2019-11-27,2019,11,27,12,0,0,2,331
637,1574859600000,147.4,148.48,147.4,148.2,223478.49118572113,2019-11-27 13:00:00+00:00,2019-11-27,2019,11,27,13,0,0,2,331
638,1574863200000,148.29,148.66,147.02,147.36,393496.20648534346,2019-11-27 14:00:00+00:00,2019-11-27,2019,11,27,14,0,0,2,331
639,1574866800000,147.67,151.52,147.44,150.62,510181.3723659434,2019-11-27 15:00:00+00:00,2019-11-27,2019,11,27,15,0,0,2,331
640,1574870400000,150.8,153.58,148.47,152.75,897475.8098487055,2019-11-27 16:00:00+00:00,2019-11-27,2019,11,27,16,0,0,2,331
641,1574874000000,152.8,154.99,152.13,153.65,605073.1275379367,2019-11-27 17:00:00+00:00,2019-11-27,2019,11,27,17,0,0,2,331
642,1574877600000,153.7,155.5153599999,153.08,153.09,282449.92608521896,2019-11-27 18:00:00+00:00,2019-11-27,2019,11,27,18,0,0,2,331
643,1574881200000,153.12,154.39,153.12,153.89,140779.2669903483,2019-11-27 19:00:00+00:00,2019-11-27,2019,11,27,19,0,0,2,331
644,1574884800000,153.89,155.31,152.87,153.0,237531.75892251157,2019-11-27 20:00:00+00:00,2019-11-27,2019,11,27,20,0,0,2,331
645,1574888400000,153.17,153.5,152.2,153.44,103965.63279524136,2019-11-27 21:00:00+00:00,2019-11-27,2019,11,27,21,0,0,2,331
646,1574892000000,153.45,153.97,152.62,152.62,67716.05805175686,2019-11-27 22:00:00+00:00,2019-11-27,2019,11,27,22,0,0,2,331
647,1574895600000,152.62,153.29,152.25,152.53,147252.4335433136,2019-11-27 23:00:00+00:00,2019-11-27,2019,11,27,23,0,0,2,331
648,1574899200000,152.57,154.55,152.57,154.51,171671.375388131,2019-11-28 00:00:00+00:00,2019-11-28,2019,11,28,0,0,0,3,332
649,1574902800000,154.47,154.47,152.63,152.74,201626.46686416212,2019-11-28 01:00:00+00:00,2019-11-28,2019,11,28,1,0,0,3,332
650,1574906400000,152.78,153.2,152.09,152.59,110807.19159973247,2019-11-28 02:00:00+00:00,2019-11-28,2019,11,28,2,0,0,3,332
651,1574910000000,152.62,152.88,151.94,152.1,207771.86135108946,2019-11-28 03:00:00+00:00,2019-11-28,2019,11,28,3,0,0,3,332
652,1574913600000,152.11,152.61,151.37,151.59,199749.02664130193,2019-11-28 04:00:00+00:00,2019-11-28,2019,11,28,4,0,0,3,332
653,1574917200000,151.62,151.88,150.41,151.28,335551.75466541696,2019-11-28 05:00:00+00:00,2019-11-28,2019,11,28,5,0,0,3,332
654,1574920800000,151.31,153.19,150.85,152.31,242718.13156349192,2019-11-28 06:00:00+00:00,2019-11-28,2019,11,28,6,0,0,3,332
655,1574924400000,152.31,152.9,151.82,152.14,152418.6469057585,2019-11-28 07:00:00+00:00,2019-11-28,2019,11,28,7,0,0,3,332
656,1574928000000,152.02,152.92,151.99,152.68,144259.01420955095,2019-11-28 08:00:00+00:00,2019-11-28,2019,11,28,8,0,0,3,332
657,1574931600000,152.92,153.0,151.56,152.34,263887.926440142,2019-11-28 09:00:00+00:00,2019-11-28,2019,11,28,9,0,0,3,332
658,1574935200000,152.32,152.32,150.1,151.01,222419.3384312456,2019-11-28 10:00:00+00:00,2019-11-28,2019,11,28,10,0,0,3,332
659,1574938800000,151.14,151.85,150.79,151.64,119519.9771687394,2019-11-28 11:00:00+00:00,2019-11-28,2019,11,28,11,0,0,3,332
660,1574942400000,151.65,151.65,150.24,150.65,83342.32487916679,2019-11-28 12:00:00+00:00,2019-11-28,2019,11,28,12,0,0,3,332
661,1574946000000,150.69,151.53,150.55,151.0,57084.08006140983,2019-11-28 13:00:00+00:00,2019-11-28,2019,11,28,13,0,0,3,332
662,1574949600000,151.04,151.3,150.5,150.96,39535.685267249246,2019-11-28 14:00:00+00:00,2019-11-28,2019,11,28,14,0,0,3,332
663,1574953200000,151.02,154.55,150.95,153.94,652252.7916716243,2019-11-28 15:00:00+00:00,2019-11-28,2019,11,28,15,0,0,3,332
664,1574956800000,154.14,154.14,152.8,153.9,256189.7123572421,2019-11-28 16:00:00+00:00,2019-11-28,2019,11,28,16,0,0,3,332
665,1574960400000,153.96,153.96,153.15,153.49,34847.33121201368,2019-11-28 17:00:00+00:00,2019-11-28,2019,11,28,17,0,0,3,332
666,1574964000000,153.64,154.1,153.32,153.41,39830.760627153446,2019-11-28 18:00:00+00:00,2019-11-28,2019,11,28,18,0,0,3,332
667,1574967600000,153.4,154.22,153.4,153.76,70564.9722146676,2019-11-28 19:00:00+00:00,2019-11-28,2019,11,28,19,0,0,3,332
668,1574971200000,153.8,154.25,152.0,152.09,46246.96750533798,2019-11-28 20:00:00+00:00,2019-11-28,2019,11,28,20,0,0,3,332
669,1574974800000,152.16,152.4,151.32,152.06,50315.13917841577,2019-11-28 21:00:00+00:00,2019-11-28,2019,11,28,21,0,0,3,332
670,1574978400000,151.97,152.57,150.05,150.07,55192.05142624166,2019-11-28 22:00:00+00:00,2019-11-28,2019,11,28,22,0,0,3,332
671,1574982000000,150.1,150.97,149.06,150.75,252187.91920303673,2019-11-28 23:00:00+00:00,2019-11-28,2019,11,28,23,0,0,3,332
672,1574985600000,150.74,153.0,150.25,152.29,101011.1376925695,2019-11-29 00:00:00+00:00,2019-11-29,2019,11,29,0,0,0,4,333
673,1574989200000,152.28,152.89,151.64,152.18,84598.18733313795,2019-11-29 01:00:00+00:00,2019-11-29,2019,11,29,1,0,0,4,333
674,1574992800000,152.16,152.31,151.66,151.85,25492.331824398356,2019-11-29 02:00:00+00:00,2019-11-29,2019,11,29,2,0,0,4,333
675,1574996400000,151.64,152.89,151.64,152.41,132829.2138988963,2019-11-29 03:00:00+00:00,2019-11-29,2019,11,29,3,0,0,4,333
676,1575000000000,152.44,152.67,151.87,152.06,28802.470710944373,2019-11-29 04:00:00+00:00,2019-11-29,2019,11,29,4,0,0,4,333
677,1575003600000,152.12,152.2,151.18,151.66,76007.31091254643,2019-11-29 05:00:00+00:00,2019-11-29,2019,11,29,5,0,0,4,333
678,1575007200000,151.79,151.97,151.54,151.97,64494.41148075914,2019-11-29 06:00:00+00:00,2019-11-29,2019,11,29,6,0,0,4,333
679,1575010800000,151.94,152.99,151.65,152.8,198802.87712385022,2019-11-29 07:00:00+00:00,2019-11-29,2019,11,29,7,0,0,4,333
680,1575014400000,152.8,153.46,152.21,152.31,273761.34099144745,2019-11-29 08:00:00+00:00,2019-11-29,2019,11,29,8,0,0,4,333
681,1575018000000,152.31,155.2,152.31,154.5,613915.4945474725,2019-11-29 09:00:00+00:00,2019-11-29,2019,11,29,9,0,0,4,333
682,1575021600000,154.5,155.17,153.6,154.08,379489.21438381507,2019-11-29 10:00:00+00:00,2019-11-29,2019,11,29,10,0,0,4,333
683,1575025200000,154.18,154.61,153.48,153.6,229212.92879083255,2019-11-29 11:00:00+00:00,2019-11-29,2019,11,29,11,0,0,4,333
684,1575028800000,153.61,155.0,151.4,154.65,804521.6441075074,2019-11-29 12:00:00+00:00,2019-11-29,2019,11,29,12,0,0,4,333
685,1575032400000,154.64,156.47,154.14,155.9,705718.7356217343,2019-11-29 13:00:00+00:00,2019-11-29,2019,11,29,13,0,0,4,333
686,1575036000000,156.04,156.8,155.6,156.17,408278.8702783243,2019-11-29 14:00:00+00:00,2019-11-29,2019,11,29,14,0,0,4,333
687,1575039600000,156.25,157.14,155.8,156.76,243118.67713215263,2019-11-29 15:00:00+00:00,2019-11-29,2019,11,29,15,0,0,4,333
688,1575043200000,156.93,157.3,154.58,154.95,594471.245891896,2019-11-29 16:00:00+00:00,2019-11-29,2019,11,29,16,0,0,4,333
689,1575046800000,154.96,155.58,154.66,155.0,302663.10784812126,2019-11-29 17:00:00+00:00,2019-11-29,2019,11,29,17,0,0,4,333
690,1575050400000,155.0,155.11,154.59,154.59,30934.067678759646,2019-11-29 18:00:00+00:00,2019-11-29,2019,11,29,18,0,0,4,333
691,1575054000000,154.56,154.85,154.14,154.2,76919.30467585268,2019-11-29 19:00:00+00:00,2019-11-29,2019,11,29,19,0,0,4,333
692,1575057600000,154.37,155.1,154.05,154.11,89341.48193488654,2019-11-29 20:00:00+00:00,2019-11-29,2019,11,29,20,0,0,4,333
693,1575061200000,154.2,154.26,152.4,152.43,428134.3825059676,2019-11-29 21:00:00+00:00,2019-11-29,2019,11,29,21,0,0,4,333
694,1575064800000,152.47,153.63,152.47,153.5,47752.019698566415,2019-11-29 22:00:00+00:00,2019-11-29,2019,11,29,22,0,0,4,333
695,1575068400000,153.64,154.97,153.15,154.5,264447.39067228214,2019-11-29 23:00:00+00:00,2019-11-29,2019,11,29,23,0,0,4,333
696,1575072000000,154.51,155.4,154.12,154.69,150468.6320663663,2019-11-30 00:00:00+00:00,2019-11-30,2019,11,30,0,0,0,5,334
697,1575075600000,154.67,154.99,154.16,154.26,66451.6806103418,2019-11-30 01:00:00+00:00,2019-11-30,2019,11,30,1,0,0,5,334
698,1575079200000,154.15,154.24,153.63,153.68,107194.48502823786,2019-11-30 02:00:00+00:00,2019-11-30,2019,11,30,2,0,0,5,334
699,1575082800000,153.76,153.85,153.26,153.85,177140.24521066842,2019-11-30 03:00:00+00:00,2019-11-30,2019,11,30,3,0,0,5,334
700,1575086400000,153.85,153.9,152.95,153.39,71628.91496209249,2019-11-30 04:00:00+00:00,2019-11-30,2019,11,30,4,0,0,5,334
701,1575090000000,153.47,154.1,153.4,154.06,146011.0096439504,2019-11-30 05:00:00+00:00,2019-11-30,2019,11,30,5,0,0,5,334
702,1575093600000,154.06,154.11,153.72,154.0,86497.18950390031,2019-11-30 06:00:00+00:00,2019-11-30,2019,11,30,6,0,0,5,334
703,1575097200000,154.0,154.85,153.99,154.76,115886.42097611108,2019-11-30 07:00:00+00:00,2019-11-30,2019,11,30,7,0,0,5,334
704,1575100800000,154.76,154.85,154.04,154.04,118514.01205938983,2019-11-30 08:00:00+00:00,2019-11-30,2019,11,30,8,0,0,5,334
705,1575104400000,154.04,154.04,152.97,153.3,339707.3810874696,2019-11-30 09:00:00+00:00,2019-11-30,2019,11,30,9,0,0,5,334
706,1575108000000,153.31,154.66,152.83,153.6,310321.435095306,2019-11-30 10:00:00+00:00,2019-11-30,2019,11,30,10,0,0,5,334
707,1575111600000,153.72,153.72,152.65,152.71,103913.42178098967,2019-11-30 11:00:00+00:00,2019-11-30,2019,11,30,11,0,0,5,334
708,1575115200000,152.71,153.61,152.5,153.3,125870.6382533069,2019-11-30 12:00:00+00:00,2019-11-30,2019,11,30,12,0,0,5,334
709,1575118800000,153.3,153.45,152.23,152.5,247961.3646928661,2019-11-30 13:00:00+00:00,2019-11-30,2019,11,30,13,0,0,5,334
710,1575122400000,152.64,152.76,150.44,151.67,485517.9977788042,2019-11-30 14:00:00+00:00,2019-11-30,2019,11,30,14,0,0,5,334
711,1575126000000,151.68,152.91,150.85,151.46,294433.4221521475,2019-11-30 15:00:00+00:00,2019-11-30,2019,11,30,15,0,0,5,334
712,1575129600000,151.52,152.61,150.77,152.19,313594.6472116808,2019-11-30 16:00:00+00:00,2019-11-30,2019,11,30,16,0,0,5,334
713,1575133200000,152.18,152.18,149.79,150.84,307923.50112653815,2019-11-30 17:00:00+00:00,2019-11-30,2019,11,30,17,0,0,5,334
714,1575136800000,150.84,151.17,149.9,149.9,70767.55219551428,2019-11-30 18:00:00+00:00,2019-11-30,2019,11,30,18,0,0,5,334
715,1575140400000,150.3,151.26,150.3,150.6,31988.1999785683,2019-11-30 19:00:00+00:00,2019-11-30,2019,11,30,19,0,0,5,334
716,1575144000000,150.6,151.01,150.23,150.96,36143.93802522876,2019-11-30 20:00:00+00:00,2019-11-30,2019,11,30,20,0,0,5,334
717,1575147600000,151.05,151.72,150.89,151.72,15013.3477301729,2019-11-30 21:00:00+00:00,2019-11-30,2019,11,30,21,0,0,5,334
718,1575151200000,151.77,152.19,151.46,151.46,32072.740225413407,2019-11-30 22:00:00+00:00,2019-11-30,2019,11,30,22,0,0,5,334
719,1575154800000,151.46,152.12,151.46,151.52,42925.8794195356,2019-11-30 23:00:00+00:00,2019-11-30,2019,11,30,23,0,0,5,334
